161
143
153
147
115
56
30
95
151
164
182
179
138
102
95
95
49
29
18
13
11
11
11
11
11
11
11
10
8
9
14
21
30
32
30
30
32
18
124
195
107
8
47
53
60
66
64
64
61
56
51
45
39
28
20
19
19
19
18
17
15
13
12
10
10
9
6
6
5
5
5
5
4
2
2
2
4
5
4
0
0
2
2
2
2
2
2
2
2
2
4
4
0
0
0
0
2
2
0
0
0
0
0
5
11
12
14
15
17
16
17
18
18
20
24
26
30
45
98
28
5
0
18
20
20
27
45
45
45
45
41
41
41
41
41
39
39
39
39
38
38
39
38
39
36
36
36
34
32
30
26
11
8
5
4
0
0
2
6
10


