13
15
18
18
13
14
15
15
14
12
13
15
15
15
16
0
4
2
2
4
5
8
11
12
13
5
2
4
9
6
5
5
6
4
16
23
25
26
27
26
25
25
27
27
27
28
30
28
27
20
20
20
18
18
20
23
21
20
19
19
20
18
17
16
15
14
15
12
13
11
17
17
17
16
16
14
14
15
16
18
18
20
20
20
21
20
20
20
20
20
21
21
21
21
20
19
20
20
20
14
12
12
16
17
17
17
16
16
15
13
12
15
16
15
15
16
15
14
13
11
10
11
12
16
16
16
16
16
15
14
13
12
11
13
15
15
41
45
38
36
32
34
34
34
36
36
38
39
39
41
43
43
45
45
45
28
17
16
34
39


