36
39
39
38
39
39
43
27
18
19
36
41
20
19
19
19
17
17
34
32
20
20
20
20
41
26
25
25
25
34
41
60
66
68
66
65
65
47
43
43
43
41
39
4
32
91
112
152
197
86
66
53
77
61
9
53
0
5
5
11
15
41
73
74
74
74
74
71
73
73
73
73
132
215
247
300
302
235
247
254
357
499
406
364
466
395
282
43
6
68
228
322
282
271
213
233
293
158
65
6
107
242
275
268
263
265
277
258
233
273
333
200
70
130
70
60
47
87
111
94
99
81
83
123
87
60
16
66
161
197
198
228
236
215
213
201
184
148
85
20
0
8
26
32
60
68
78
82
91
99
91
82
61
19
14
41
86
139
179
225


