17
17
49
128
95
9
14
2
11
60
269
262
263
307
344
437
497
541
552
599
723
705
483
260
74
75
74
71
70
69
66
65
64
63
61
60
58
56
51
53
56
121
165
196
268
268
236
123
36
28
26
25
24
24
24
23
21
20
20
20
19
17
16
16
32
221
359
459
515
510
488
568
552
490
459
284
81
478
646
587
519
486
464
472
466
348
58
34
86
94
112
137
121
111
107
103
78
45
43
47
56
56
47
49
49
43
54
88
106
147
121
75
77
71
63
34
16
112
235
324
366
397
413
399
406
406
350
348
145
58
116
139
137
120
115
108
104
100
90
70
45
41
45
54
49
43
32
28
29
32
34
34
32
30
24
20
18
14
10
4


