34
47
58
64
69
65
60
53
27
9
0
0
0
4
8
9
11
13
14
15
16
16
17
17
18
18
18
18
19
19
19
20
20
20
20
20
20
20
20
21
25
28
32
36
39
41
41
41
36
28
18
14
12
11
12
11
13
15
17
16
16
17
16
13
12
12
13
14
16
17
14
15
18
18
18
18
18
18
17
18
18
19
19
18
18
18
18
20
19
17
19
19
18
19
20
18
18
19
19
19
20
20
19
19
20
30
53
70
87
117
137
137
138
143
137
114
119
137
103
6
45
68
73
73
61
51
53
43
41
45
38
41
51
47
39
30
25
19
16
6
2
0
2
8
19
49
87
104
81
82
65
58
54
51
49
51
51
56
49
12


