4
8
11
16
19
20
23
19
16
15
8
2
0
4
5
8
11
14
20
38
49
61
66
64
61
60
61
56
51
24
0
14
19
18
19
13
11
9
0
2
5
8
9
10
11
14
15
15
17
17
20
26
36
49
56
56
60
61
43
19
5
0
0
0
2
2
4
0
0
0
2
0
2
6
9
9
9
9
10
11
11
12
13
13
15
17
20
24
32
45
60
61
58
61
63
64
60
32
15
6
4
4
5
5
5
10
11
12
13
13
13
14
15
16
16
16
15
16
16
17
19
21
28
38
53
53
47
30
18
11
9
9
9
11
11
12
13
13
13
14
16
16
18
23
30
41
45
47
47
30
14
8
8
6
6
8
9
11
10
11


