195
219
220
214
210
193
135
53
15
53
73
85
86
82
77
64
61
60
56
51
49
47
34
32
32
28
24
18
14
11
0
0
0
0
0
2
2
4
10
8
6
6
8
8
11
32
82
99
91
88
100
119
137
158
184
187
211
217
228
238
221
156
70
11
115
156
152
138
117
100
91
79
70
63
58
51
39
34
30
24
18
15
12
2
4
2
2
0
0
6
34
74
91
85
95
111
123
145
176
202
221
227
246
266
246
163
78
56
128
144
152
138
132
128
116
99
86
74
51
47
41
36
30
24
20
9
9
8
5
4
2
0
2
2
5
21
79
120
128
132
155
184
220
253
266
273
277
253
225
175
95
56
161
200
184
172
155
136
115
100


