88
63
56
49
43
36
30
26
19
15
14
13
11
10
8
6
0
0
0
10
45
82
82
73
87
108
134
159
177
193
212
205
201
222
225
196
111
9
127
186
188
162
137
115
91
82
77
70
56
43
36
24
20
20
20
18
17
17
16
11
12
12
11
9
8
4
0
0
0
0
0
0
2
2
9
5
5
5
5
5
5
5
11
9
9
6
8
10
12
28
54
61
68
65
60
61
66
70
56
53
56
58
61
64
17
17
43
58
58
51
45
41
32
23
18
13
9
4
0
0
6
5
6
8
8
9
9
13
12
12
11
12
11
12
13
17
21
36
53
64
60
56
56
54
61
66
78
91
103
124
120
119
99
74
0
58
68
66
61
58


