51
43
36
24
16
11
9
5
2
0
2
5
8
6
8
8
9
9
14
11
12
11
12
11
12
12
16
16
32
60
56
54
65
87
107
136
184
254
308
446
430
359
326
228
104
20
101
136
143
156
151
120
111
99
95
83
75
68
61
49
38
30
26
20
11
13
92
98
95
120
137
153
191
201
217
236
250
252
265
273
287
256
167
61
243
286
271
236
200
175
150
125
106
94
81
58
49
41
36
30
24
20
16
5
6
5
0
82
91
108
131
153
182
208
222
245
253
275
284
280
273
277
287
223
91
125
236
263
248
219
189
168
139
121
108
103
96
82
70
51
47
41
38
32
28
24
12
13
11
11
2
27
94
99
78
90
114
134
155
178


