177
184
214
258
268
218
53
128
227
241
204
163
140
130
102
92
78
64
53
43
36
20
20
14
13
11
9
9
0
2
2
2
0
0
0
5
0
4
26
53
78
87
83
73
86
91
103
117
137
142
137
159
184
180
143
78
32
119
159
153
131
111
96
74
69
61
56
47
39
34
21
18
14
13
10
8
4
0
0
0
0
0
2
2
2
9
5
6
10
34
73
77
65
63
70
77
86
98
110
123
99
99
96
94
82
23
107
128
135
120
95
70
56
45
23
16
10
5
2
0
0
6
5
6
6
8
9
23
56
63
54
53
53
58
60
60
45
45
45
56
58
68
63
36
41
41
18
61
74
60
51
47
39
30
21
13
4
0
0
0


