12
12
13
14
15
15
15
16
16
17
18
20
28
38
41
47
49
51
51
51
51
45
25
8
4
9
9
4
0
4
5
5
8
9
10
11
13
14
18
21
32
41
51
58
60
61
63
68
61
58
58
54
39
27
11
0
5
11
16
19
16
13
15
12
8
0
2
5
6
10
11
12
13
16
28
45
56
64
66
69
64
64
60
53
51
47
15
0
5
17
21
18
17
18
16
15
17
14
8
0
2
5
8
13
24
38
51
56
58
58
58
58
58
53
45
20
2
10
15
17
16
11
11
11
6
4
2
0
2
4
6
11
12
15
17
20
26
30
38
45
45
45
43
43
32
17
11
5
4
2
2
2
4
6
9
11
11
11
12
13


