2
4
9
11
11
11
11
11
11
15
15
15
12
13
13
15
32
53
56
49
53
60
68
66
60
68
74
87
101
96
99
99
73
56
0
60
73
63
60
53
47
38
30
21
9
5
2
0
0
2
5
11
10
10
11
11
11
11
17
14
13
12
14
13
20
53
51
51
56
60
61
77
87
74
58
56
56
65
78
70
34
36
39
12
45
61
53
51
45
36
29
21
16
2
0
0
2
5
6
6
13
12
12
12
30
61
56
43
39
41
51
71
78
98
92
104
111
137
128
145
146
71
60
2
60
86
94
78
74
65
56
47
36
29
12
9
4
2
0
2
4
11
10
10
10
30
58
56
47
47
54
74
92
103
134
137
145
159
154
230


