229
152
115
8
103
146
144
128
91
87
78
70
61
58
56
43
32
20
10
0
2
10
30
74
73
92
111
131
123
125
137
143
161
191
222
246
315
254
153
4
115
152
169
165
155
138
124
108
99
99
90
75
58
41
26
9
0
2
13
79
111
99
96
136
208
220
245
265
322
389
413
424
410
359
289
153
99
226
278
293
268
235
198
194
173
145
127
110
87
74
64
60
47
41
36
19
12
2
47
90
74
74
92
87
87
100
115
128
136
114
117
95
73
65
13
106
121
119
115
102
90
77
66
47
43
36
30
24
19
14
5
4
2
2
15
68
69
65
63
78
101
125
136
144
161
150
139
153
153
153
120
82
32
137
176
175
159
139
108
99


