87
74
60
49
41
23
20
13
11
6
4
0
4
2
5
2
5
5
9
25
51
58
53
49
47
49
45
34
19
74
85
91
107
120
143
90
65
58
56
114
117
94
78
66
58
47
36
29
15
11
5
4
0
0
2
6
9
10
9
10
15
39
70
56
58
61
71
100
115
123
129
111
98
146
182
125
78
36
119
142
124
99
82
66
43
34
26
20
14
10
8
0
2
4
4
5
6
9
25
32
30
34
39
47
54
61
61
65
82
103
135
138
117
114
116
95
70
49
41
86
100
100
94
82
70
58
41
32
25
20
12
9
4
0
6
6
6
8
9
9
11
14
14
13
12
13
13
14
23
53
47
54
64
75
83
85
75
74
90
106


