114
120
131
124
110
69
63
0
83
111
91
79
70
61
51
43
36
20
17
13
11
5
4
0
6
6
8
8
9
9
11
11
15
14
20
47
53
56
65
65
64
73
82
106
104
119
124
124
147
128
78
61
11
63
95
102
94
78
65
58
43
34
27
21
16
12
8
0
2
2
4
5
6
9
9
14
28
60
64
65
74
82
77
83
108
127
138
150
128
103
61
43
41
36
121
143
107
87
71
63
51
41
30
13
8
2
0
2
2
5
11
12
11
14
47
65
60
58
43
39
49
49
53
47
99
99
61
58
60
60
49
43
36
34
70
68
64
58
51
36
28
21
19
11
6
2
5
5
9
8
10
11
11
15
16
30
56
58
54
53


