20
2
13
12
5
0
2
5
14
17
29
45
54
56
53
43
34
34
32
32
34
58
75
45
26
23
24
43
32
11
34
38
32
23
18
11
0
0
2
5
8
9
11
15
15
13
13
16
43
51
34
32
30
29
39
39
60
60
65
65
49
56
51
43
47
38
20
30
13
20
24
27
27
24
18
14
10
0
0
4
5
6
8
10
13
14
14
13
25
47
45
49
41
41
49
61
65
86
94
103
103
73
61
74
87
51
41
19
41
73
78
73
64
43
32
24
18
11
6
4
5
5
8
6
9
10
11
15
18
45
45
41
41
41
49
39
20
20
25
45
45
53
53
43
39
39
49
56
4
38
43
39
34
25
17
11
2
0
4
4


