6
8
10
11
32
43
38
38
39
41
49
58
74
98
127
130
124
71
58
47
14
58
75
71
65
43
30
21
17
11
5
2
5
8
9
9
10
11
12
41
41
34
39
49
45
54
70
61
51
60
82
78
47
29
32
5
56
60
49
38
28
11
5
2
0
2
5
5
13
12
11
34
47
39
39
30
24
24
25
25
25
32
30
8
26
20
13
5
0
6
9
11
11
11
14
60
49
32
30
29
24
30
32
34
24
25
28
32
28
34
51
32
13
11
18
18
2
8
5
9
11
11
8
5
0
8
8
8
8
11
10
11
51
36
41
56
61
69
79
103
74
43
38
41
49
63
88
61
30
34
41
70
70
51
39
36
30
23
16
11


