2
0
2
2
2
5
5
41
32
26
28
30
39
39
36
32
20
26
16
11
14
2
11
24
32
30
24
17
14
15
5
5
5
24
29
20
14
0
56
94
95
124
116
38
6
0
0
5
15
0
20
26
20
19
18
17
14
12
11
16
78
85
71
51
24
21
11
11
15
26
26
25
30
11
58
70
99
70
30
23
17
11
5
5
6
5
5
5
4
16
17
11
16
20
32
29
26
34
29
20
29
36
32
32
39
30
17
28
2
41
47
30
20
17
12
6
6
5
5
9
10
9
10
11
10
13
34
39
36
45
47
70
99
95
115
176
225
253
277
308
307
533
783
457
24
206
319
322
298
253
206
161
124
95
68
51
8
58
155
217


