220
222
200
200
192
184
150
189
111
112
244
302
319
348
394
455
455
392
319
250
184
143
111
82
56
36
20
0
8
13
58
137
172
282
455
590
600
459
361
348
344
362
331
219
142
77
245
366
355
355
338
337
357
382
373
373
375
333
277
228
178
125
91
61
39
20
5
12
21
38
144
180
192
226
268
326
378
452
526
637
632
631
632
555
161
75
179
235
266
313
342
322
296
284
242
213
182
146
114
87
58
41
28
20
11
4
0
12
28
145
180
192
229
277
289
302
329
406
457
512
568
559
481
213
49
150
202
217
241
263
265
248
241
205
187
167
140
115
94
74
56
45
38
30
23
17
4
5
2
2
0
0
23
124
131
125
124
135
139
139


