127
236
310
331
333
329
328
313
153
56
152
213
256
247
251
228
194
156
124
103
74
63
54
43
36
30
25
14
13
12
10
8
6
5
0
0
0
0
0
0
0
6
5
45
131
150
143
160
169
151
170
194
245
263
284
302
246
245
228
170
61
150
260
268
251
225
196
169
143
121
95
85
71
60
45
39
32
18
15
12
11
8
5
5
4
2
0
0
0
0
0
2
5
5
5
2
4
4
4
2
10
5
2
4
49
49
56
71
65
77
96
120
142
160
194
156
178
184
103
60
65
160
164
159
138
115
95
78
69
49
41
34
29
20
16
11
4
0
0
0
0
2
4
4
10
2
24
25
25
25
25
27
18
27
30
30
30
30
32
49


