79
79
74
71
75
73
70
58
45
39
32
45
66
75
27
8
10
74
87
88
81
66
65
60
54
49
45
32
24
24
21
17
16
14
4
5
5
5
4
2
4
0
0
0
0
0
0
0
5
0
0
14
39
47
45
38
34
34
43
61
77
103
107
94
81
81
66
64
51
41
23
94
111
98
82
73
61
49
39
34
27
20
14
10
0
0
0
0
2
2
2
9
8
8
19
53
45
43
39
25
26
27
39
49
65
92
74
95
99
96
58
17
12
38
75
79
71
61
54
34
26
20
17
12
9
8
0
0
2
4
5
6
5
11
9
6
6
8
6
11
23
39
51
65
101
95
74
60
41
36
29
28
30
34
30
32
11
63
65
56


