14
16
17
17
17
17
17
17
18
18
18
18
19
18
19
19
19
20
20
24
26
32
36
39
39
39
36
28
20
16
12
10
11
11
13
15
15
16
16
16
16
17
18
18
18
18
18
18
18
18
18
18
18
18
19
19
18
18
19
18
18
18
18
18
19
19
20
23
26
29
30
34
38
38
36
34
30
20
15
11
10
11
10
11
11
11
13
14
15
15
16
17
16
17
17
17
17
18
18
18
18
18
18
18
19
20
20
21
24
30
32
39
45
45
43
43
43
45
36
24
14
5
2
2
2
2
6
8
8
9
11
11
13
15
15
16
16
17
17
18
17
18
18
19
18
18
18
19
21
41
73
95
88
95
87
70
65
63
54
45


