47
23
19
18
16
13
11
8
9
11
65
20
26
53
70
95
96
83
85
87
91
94
99
94
75
75
75
81
98
61
27
21
23
27
32
36
41
47
51
53
53
53
53
53
56
56
58
74
87
75
73
78
68
63
71
70
63
49
20
45
49
58
54
17
4
10
21
27
29
32
36
39
41
45
47
45
45
47
47
45
63
74
65
64
68
73
77
75
58
74
85
78
103
127
110
71
51
47
56
34
0
5
5
4
0
5
10
15
21
27
28
29
30
30
32
32
38
56
61
56
58
61
56
45
41
45
49
64
58
51
70
47
32
38
20
5
9
5
10
12
15
19
20
23
29
28
28
27
30
58
58
47
47
60
60
79
95
116
95
75


