74
106
75
112
230
21
69
75
61
47
36
17
5
0
2
5
9
11
16
16
18
18
39
53
53
54
47
39
51
63
75
100
81
56
92
112
182
263
159
81
43
108
104
87
66
51
29
19
12
9
4
0
4
10
11
11
11
13
23
56
36
32
30
38
43
47
61
65
71
82
82
100
127
108
159
100
53
10
68
92
79
70
60
51
38
28
15
5
0
2
5
6
8
13
13
39
49
51
56
85
137
186
244
258
245
238
229
331
335
204
96
106
217
238
223
187
155
124
99
74
47
32
24
18
11
6
2
4
10
71
70
64
78
98
103
145
200
176
145
121
103
205
377
263
38
181
260
244
209
175
148
124
99
81
53
43
32
27
20
15


