8
74
127
156
193
223
260
464
675
776
722
691
545
448
399
350
115
206
335
375
384
390
434
441
406
352
284
239
194
155
123
98
68
64
56
43
12
172
176
180
220
246
282
287
293
359
548
800
800
781
565
160
144
252
300
326
368
371
387
382
347
307
262
201
168
137
110
91
75
54
49
30
54
128
131
170
241
342
406
519
739
681
545
476
377
209
77
186
236
266
329
401
459
452
401
322
265
223
179
142
108
86
60
53
45
39
32
29
19
15
13
85
90
115
170
229
282
320
335
373
419
519
680
687
464
305
2
153
223
237
289
313
308
307
302
269
252
222
184
154
135
115
87
74
61
51
39
34
21
20
13
2
14
34
54
86
114
145
153
160


