192
217
223
220
191
85
32
92
131
143
154
169
163
145
131
115
87
73
61
53
41
34
26
18
11
11
11
9
6
5
5
0
0
0
0
0
15
91
178
162
147
150
159
181
212
242
266
269
256
243
223
102
30
94
151
180
178
161
147
121
121
124
111
94
79
70
49
47
41
36
30
25
20
10
9
8
8
5
4
2
0
2
9
51
101
99
98
103
86
78
87
111
150
184
228
258
236
280
233
127
36
111
182
211
214
189
162
142
127
100
91
79
65
51
41
32
17
15
12
9
6
5
4
2
0
0
0
2
0
2
8
5
5
4
6
20
58
74
51
47
56
65
82
103
144
140
156
217
209
260
184
49
13
88
153
153
139
116
86
73


