64
56
47
41
28
20
15
12
8
6
5
0
0
0
0
0
0
2
8
6
5
5
11
27
53
53
39
41
43
49
53
63
61
60
65
86
95
99
123
65
26
32
16
43
74
78
85
83
73
56
47
41
21
17
12
9
5
0
0
6
5
5
6
8
9
11
12
12
10
11
11
11
11
16
13
11
12
12
16
43
53
36
32
32
34
39
43
53
54
32
49
78
65
151
92
34
36
17
45
68
65
41
32
30
29
25
17
11
0
0
2
4
5
6
6
13
12
11
11
11
11
11
16
15
14
13
14
15
36
63
58
54
47
49
60
68
90
107
71
87
134
70
120
140
41
25
49
8
39
79
86
83
77
65
51
41
34
18
13
8


