5
0
0
0
10
9
9
9
11
32
51
36
25
24
34
60
77
98
135
167
184
235
263
182
178
180
60
30
53
137
146
138
108
98
87
75
61
51
41
24
19
13
11
5
2
2
5
4
4
4
11
45
47
27
21
23
25
29
41
47
34
23
25
39
34
20
11
19
17
0
30
36
34
27
20
11
9
6
2
0
0
2
11
10
8
8
10
10
10
14
13
13
11
11
11
12
32
45
27
24
28
32
5
6
0
0
4
5
6
5
9
11
13
14
19
45
49
41
41
30
24
23
25
28
36
18
12
19
11
5
2
0
30
38
29
28
30
32
38
30
34
41
25
24
43
74
43
65
91
56
27
20
11
30
34
30
27
21
16
5


