4
5
2
0
2
5
11
11
21
34
29
30
34
27
28
34
43
54
98
116
95
91
66
39
45
65
15
63
70
65
53
41
30
25
11
5
2
0
0
2
2
6
9
25
41
36
39
49
65
61
78
108
128
128
144
153
120
103
94
124
111
56
5
115
144
140
117
99
83
64
43
32
28
20
14
10
4
0
0
0
2
23
56
41
29
21
20
26
26
14
16
20
21
36
49
79
119
124
103
43
39
23
60
88
86
64
49
39
32
24
15
10
2
2
5
5
24
51
38
36
25
20
25
21
23
27
30
39
25
14
12
11
11
10
11
10
11
11
11
11
21
24
10
5
4
0
0
0
4
10
19
29
24
25
24
21
15
12
13
14


