15
13
14
16
16
14
14
13
14
14
13
14
14
14
14
14
14
14
14
14
14
14
14
14
20
24
21
26
49
138
342
488
583
715
743
660
527
386
278
239
135
178
364
410
392
366
335
289
237
188
153
110
85
65
54
43
36
32
18
17
17
2
61
61
78
103
146
169
205
209
229
211
253
371
572
490
74
229
353
371
329
287
243
193
150
119
92
64
101
115
131
135
102
36
53
36
63
161
231
296
303
324
386
488
786
775
690
485
231
98
226
324
397
439
461
424
364
307
246
194
153
124
86
70
53
45
34
27
16
30
45
47
60
70
92
137
192
236
258
260
245
265
244
234
253
268
219
47
152
263
328
342
311
284
248
213
184
148
115
90


