70
41
34
25
21
15
5
17
69
114
172
212
236
241
235
269
313
329
333
322
298
262
56
146
266
307
315
295
265
219
195
171
142
111
90
66
45
36
30
23
18
13
9
4
4
17
136
178
162
181
177
236
273
291
320
335
347
342
329
307
278
69
115
186
226
295
329
326
300
263
210
181
152
124
99
78
60
41
34
29
23
18
14
11
5
6
8
6
2
43
151
184
165
189
213
226
241
253
271
287
295
286
273
253
195
123
61
260
331
342
315
258
223
193
162
137
116
99
73
64
56
45
38
30
23
12
12
11
9
6
6
5
0
0
0
2
0
0
23
99
120
111
114
120
121
120
101
88
94
107
131
167
209
212
186
111
58
188
244
239


