208
186
154
123
100
83
60
49
39
34
26
20
15
5
5
5
5
2
2
0
0
0
0
0
0
19
61
74
51
43
47
49
53
78
107
112
114
92
102
119
127
186
56
103
168
204
234
241
223
191
178
152
115
95
51
34
15
10
5
5
5
5
5
0
2
6
10
5
0
5
11
12
13
13
14
15
20
20
11
4
6
32
54
53
49
39
30
32
30
32
30
32
29
26
25
26
10
11
17
9
5
2
0
2
5
11
12
4
6
9
8
2
11
34
36
29
27
28
32
21
21
25
30
27
27
27
24
32
43
49
25
11
11
11
11
11
11
11
11
4
5
5
5
4
2
0
5
5
5
6
6
8
8
11
11
11
14
20
28
30


