23
24
25
27
29
38
63
69
74
88
96
75
77
95
49
14
20
20
6
10
20
26
26
25
20
20
19
11
6
5
2
0
0
2
10
11
12
30
39
38
45
56
43
38
54
78
121
150
163
152
119
86
100
115
103
144
143
39
19
86
153
170
156
120
101
86
71
58
49
47
36
41
28
8
20
25
30
32
41
41
41
53
79
66
64
60
58
54
53
53
54
51
49
45
45
49
47
32
27
27
17
17
20
23
28
29
30
36
36
36
34
36
36
43
58
45
43
43
47
49
41
39
36
36
36
36
69
54
34
29
26
25
23
21
20
20
19
18
18
20
20
23
23
24
23
24
23
23
23
21
20
20
18
24
20
26
23
24
47
47


