87
90
103
68
43
71
20
9
9
5
27
39
34
32
29
24
20
8
2
0
0
2
4
5
10
11
23
24
20
21
17
25
17
15
13
16
15
19
16
13
14
14
14
13
14
14
15
15
16
16
16
17
17
17
19
19
17
18
18
21
23
18
17
20
29
26
29
30
17
16
16
16
16
17
17
17
18
18
18
16
16
17
17
17
18
6
5
5
6
11
20
18
18
18
19
24
26
29
32
38
58
49
26
26
34
20
17
17
16
15
14
14
14
14
13
12
12
5
0
11
14
14
15
17
17
17
21
21
29
30
32
45
36
43
61
61
83
115
108
87
124
180
83
61
66
32
20
5
73
74
61
49
41
30
21
16
8
0
2
2


