2
2
4
5
11
13
13
11
12
36
39
45
49
36
41
65
100
124
114
125
102
95
120
116
95
85
61
49
32
131
150
134
104
83
64
34
24
18
13
9
5
0
2
6
8
6
6
8
9
8
13
13
38
26
23
25
18
20
39
28
27
38
34
28
41
115
85
24
11
18
51
43
21
8
4
0
0
0
2
5
9
9
9
10
11
11
27
17
14
14
14
20
15
13
13
13
20
30
49
96
95
54
15
10
11
12
24
18
6
0
4
4
4
5
6
6
12
11
11
10
11
12
30
27
24
20
14
19
29
36
65
98
99
74
85
128
185
335
362
132
14
129
146
134
104
74
43
30
24
16
11
10
4
0
0
0
0
0
0
2


