5
4
2
16
20
29
41
39
53
160
256
344
364
545
476
450
403
352
378
307
256
90
362
472
472
397
315
246
184
143
121
82
60
51
38
36
36
39
38
34
29
20
11
20
38
20
69
221
243
181
140
233
302
262
271
338
300
32
246
322
300
266
226
208
185
162
146
152
160
144
120
91
85
61
30
74
142
338
479
408
310
266
258
260
266
228
275
446
474
488
591
310
268
478
504
490
417
392
426
457
450
450
426
375
347
307
256
208
167
134
115
96
79
49
14
2
11
11
49
53
74
68
49
14
18
49
147
262
347
406
419
399
404
461
488
488
446
545
461
180
253
429
455
424
342
287
241
196
161
137
112
75
61
45
30
19
12
5
2
11


