12
12
14
15
15
17
24
25
85
138
151
153
177
245
266
286
280
275
260
268
287
236
210
181
19
203
293
302
260
212
186
158
128
103
85
69
41
32
21
15
8
4
0
2
11
9
8
8
9
9
11
13
20
69
104
111
124
168
186
184
146
135
186
211
220
243
238
214
173
161
13
153
229
250
218
170
148
130
108
90
78
68
49
43
34
29
20
15
11
8
0
0
0
0
2
2
4
4
11
9
20
81
101
99
119
143
130
101
173
236
235
250
244
234
203
182
186
135
43
188
275
280
253
209
172
143
119
91
79
68
56
45
36
30
14
12
11
10
5
5
5
0
0
0
0
0
0
0
0
2
0
2
34
43
43
49
58
38
34
64


