88
111
144
153
121
77
30
2
15
121
168
146
119
106
95
79
68
60
56
43
45
49
45
38
29
29
21
26
30
32
13
39
21
5
4
6
5
34
64
68
77
53
43
41
41
43
41
39
39
36
24
11
4
2
9
14
16
17
19
20
21
28
29
28
28
29
30
29
34
30
30
30
30
39
56
51
39
39
38
39
43
43
38
36
36
39
29
6
0
11
13
15
17
19
20
21
27
26
26
25
26
36
58
39
32
32
32
30
30
30
30
25
14
11
12
12
15
20
20
20
20
20
24
41
36
30
29
27
26
26
25
23
23
24
25
24
17
15
14
13
13
13
15
17
20
19
19
18
20
38
32
23
21
21
23
29
168
258
106
49


