32
32
23
20
20
15
0
10
11
12
13
8
2
0
0
0
2
4
5
11
11
10
13
32
26
25
23
17
20
19
19
15
16
14
13
13
12
12
13
13
12
13
13
13
13
13
13
14
13
13
13
14
13
16
14
19
17
16
16
16
16
19
32
231
553
596
566
486
282
17
100
175
234
256
228
198
165
125
102
87
71
56
38
21
94
220
305
253
220
193
163
200
252
302
308
258
27
176
269
322
350
380
424
450
437
389
326
262
209
165
131
107
71
43
47
219
320
472
384
265
236
277
291
286
302
293
266
101
159
313
348
326
289
284
315
386
461
457
384
310
243
187
145
98
66
45
25
11
24
168
208
211
226
265
315
326
338
366
417
432


