399
504
533
551
173
181
284
322
329
320
280
241
226
185
161
138
119
100
82
63
34
30
20
8
12
101
146
147
161
200
256
296
289
265
225
241
289
370
370
434
380
153
156
291
326
293
236
198
177
140
121
103
88
70
56
41
26
13
9
6
2
0
0
4
30
95
74
77
87
129
193
258
275
247
248
345
377
353
380
408
239
117
102
223
252
258
250
217
200
184
165
152
131
107
77
56
45
38
29
21
18
14
4
5
4
4
2
2
0
0
45
36
36
47
68
104
153
178
176
163
161
178
189
150
82
30
19
128
161
153
130
121
102
98
91
79
66
58
49
30
27
24
20
17
17
14
12
6
9
10
10
9
10
9
2
19
20
21
27
39


