61
70
60
49
51
95
125
161
195
182
147
91
64
45
39
108
129
136
128
117
106
96
85
64
61
53
47
38
32
27
13
12
10
10
5
5
2
2
2
2
11
43
34
36
43
36
20
30
58
74
140
188
210
193
180
197
153
79
49
0
70
116
130
129
123
103
87
75
65
53
43
36
27
18
14
12
11
9
6
6
0
2
5
5
4
4
2
9
27
19
19
23
28
28
30
16
20
13
27
24
20
30
18
5
6
10
10
11
12
12
8
5
11
13
13
2
0
0
2
5
6
8
13
13
12
11
12
11
11
18
20
36
32
27
27
27
24
23
21
29
24
24
19
43
20
18
17
17
17
18
18
18
18
18
18
18
17
18
17
18


