17
18
17
18
18
17
18
20
18
17
18
20
43
26
43
56
66
87
91
85
70
34
13
11
11
11
9
2
4
6
10
12
14
4
0
0
0
0
2
2
10
11
11
11
11
11
24
27
19
19
21
29
47
54
63
81
101
144
178
193
242
246
206
99
38
34
45
104
107
107
101
88
70
58
43
27
19
15
11
6
4
0
2
11
30
28
41
65
73
68
90
138
176
192
277
317
298
271
242
208
101
111
280
277
246
203
167
124
95
74
45
32
27
20
14
11
8
0
0
0
0
4
25
39
34
26
24
20
23
27
15
20
11
12
12
12
9
8
8
8
9
6
5
5
5
5
5
6
6
8
11
18
20
25
23
16
16
16
14
12


