338
406
419
415
392
384
399
401
401
377
324
154
176
326
357
348
319
293
247
213
176
136
103
82
65
39
32
21
13
2
2
5
17
17
17
18
19
20
19
28
32
95
121
119
124
144
147
160
181
225
268
326
333
293
266
233
239
247
182
83
135
263
302
296
256
225
179
150
129
107
88
74
61
39
32
21
16
10
5
0
2
8
6
5
6
6
8
8
15
11
11
9
11
10
10
8
18
32
70
86
71
70
73
78
64
73
107
127
137
158
172
130
114
91
41
19
91
151
137
124
108
95
78
65
56
36
27
20
17
11
8
4
0
5
5
5
5
6
6
8
13
11
11
11
11
11
17
43
47
29
29
29
30
30
29
18
17
20
20
27


