324
322
364
476
577
575
417
280
167
142
164
228
212
184
82
60
56
54
61
87
176
227
277
286
265
298
307
329
340
364
453
450
366
291
229
107
12
87
137
132
143
138
108
117
98
83
29
11
18
11
20
20
18
13
14
17
19
18
18
18
18
23
20
16
5
29
53
65
69
74
81
78
82
49
4
12
15
19
14
11
14
13
6
0
0
5
10
9
9
11
13
15
17
18
17
17
18
19
20
21
23
21
21
21
21
21
23
23
24
23
21
23
23
25
28
25
24
23
23
23
21
20
26
27
23
20
23
18
18
24
19
24
27
24
19
23
21
24
12
16
21
32
34
20
24
18
19
13
21
28
21
19
27
114
250
338
345
375
282
233


