164
204
225
231
227
231
225
215
195
186
165
136
103
79
53
28
14
5
2
15
90
140
117
138
168
178
268
399
577
614
552
516
445
355
170
51
101
150
203
239
263
284
280
271
263
241
211
180
152
110
87
65
47
30
19
11
4
5
9
10
16
82
173
159
153
170
186
228
291
310
319
324
307
302
348
313
250
145
123
284
310
291
253
213
186
146
135
128
115
99
85
70
49
39
29
24
16
11
5
5
5
2
4
4
5
5
6
5
14
11
10
11
25
87
99
99
95
103
124
155
184
245
253
253
231
211
218
286
234
111
16
184
271
275
235
195
169
130
99
83
68
53
39
30
23
6
5
2
0
0
2
4
12
11
11
11
11
14
45
74


