58
66
94
117
135
170
226
223
238
228
253
243
253
275
171
78
4
172
251
245
189
151
134
114
90
74
60
36
34
32
32
29
24
23
13
13
12
9
5
2
0
5
5
5
6
6
9
9
11
13
34
63
56
53
56
49
47
71
111
129
180
180
180
146
138
189
142
68
60
30
155
186
168
145
128
91
81
71
64
74
144
154
144
124
120
115
111
112
111
101
99
91
86
81
74
70
66
66
74
70
63
60
43
25
26
10
8
15
24
27
26
39
75
103
87
74
60
20
27
41
43
115
148
143
125
111
102
95
88
88
79
92
92
85
81
78
61
43
51
61
18
14
23
20
27
25
25
24
21
21
26
32
39
51
47
43
61
69
58
47


