58
53
60
74
61
26
11
8
29
54
63
60
60
61
56
54
63
58
32
32
30
28
27
30
36
36
47
75
119
117
85
68
70
21
70
85
99
107
107
91
99
85
79
94
108
123
91
87
68
56
60
53
41
32
32
32
34
51
56
65
65
63
61
64
64
64
70
70
70
70
69
65
61
73
78
79
83
99
100
95
91
83
85
90
86
83
82
81
81
79
79
151
203
193
137
60
19
5
9
18
26
32
45
47
51
51
53
53
51
58
56
56
63
78
78
88
104
99
115
144
143
179
182
178
145
181
193
178
222
222
196
120
66
36
87
79
68
56
29
15
5
0
9
15
23
34
41
43
43
45
47
47
47
54
53
60
81
78
86
96


