95
83
58
66
79
82
142
117
169
191
184
90
45
36
36
36
12
14
25
25
19
12
5
6
15
23
27
30
32
34
36
43
58
53
49
49
56
85
99
71
58
47
170
160
196
217
186
140
88
60
34
88
74
60
43
34
21
12
5
8
12
14
15
17
18
18
30
47
39
45
51
60
61
68
51
66
68
92
107
115
136
53
26
15
15
15
9
43
38
32
18
11
2
0
6
19
21
6
8
9
10
12
15
24
32
28
30
36
63
78
60
32
30
70
70
139
177
178
99
58
45
38
9
53
64
47
41
34
24
15
8
0
11
14
16
18
20
20
21
29
39
60
61
75
94
202
313
352
384
386
445
554
653
770
701
687
506
26
247
355


