375
384
380
347
300
253
208
163
134
111
92
71
60
38
30
15
54
153
184
220
335
492
554
551
547
508
479
434
355
275
83
203
370
453
472
479
441
377
308
256
209
154
124
100
83
65
54
43
36
21
18
38
99
112
134
131
163
203
211
230
260
265
256
253
208
230
241
153
36
206
322
313
300
291
273
238
205
179
143
123
101
82
65
54
45
34
20
16
2
95
117
125
158
164
211
260
307
345
382
347
387
310
282
266
195
0
352
443
424
404
355
289
238
188
163
123
102
92
75
61
53
43
21
20
15
14
11
11
6
4
4
0
2
4
5
6
38
71
45
43
64
87
99
136
135
130
296
362
419
377
187
119
165
64
32
110
289
305
277
220


