184
161
142
114
94
77
58
39
36
25
16
17
12
5
5
2
0
0
16
61
56
32
20
51
58
63
71
116
159
181
218
239
228
202
170
81
39
245
260
211
171
129
103
81
65
58
45
32
29
11
2
13
10
8
0
2
2
2
0
0
4
0
5
2
0
5
11
14
0
2
4
13
13
11
13
18
16
14
21
32
34
27
27
34
39
21
26
32
74
79
58
34
13
13
5
2
2
0
6
2
2
2
4
5
6
20
30
29
27
25
26
26
20
20
20
21
23
24
25
25
26
18
11
13
15
20
20
24
23
14
9
11
15
15
15
23
30
25
23
21
19
17
16
28
15
13
11
16
20
24
5
4
4
9
8
0
10
20
26
30


