17
9
8
10
15
10
5
0
0
0
0
2
5
12
13
15
15
18
19
20
21
30
25
24
23
23
26
27
27
26
28
29
27
28
30
30
30
30
30
32
32
29
29
30
32
34
34
30
28
32
34
36
36
39
41
36
38
47
58
74
344
455
481
430
359
154
5
74
138
181
184
171
144
110
82
61
43
30
21
11
2
0
5
60
66
87
108
116
117
124
161
184
212
236
201
91
60
13
0
25
153
192
170
151
128
107
86
65
49
36
20
14
9
4
0
26
83
98
129
210
344
552
660
653
667
727
712
590
401
103
187
326
368
410
476
504
466
417
353
291
235
181
144
112
87
54
28
160
253
389
415
329
322
335
324
308
293
256
262
11


