287
464
541
632
684
641
566
472
380
293
237
188
147
112
86
63
41
29
25
14
61
81
103
140
170
201
212
228
268
322
380
408
397
382
390
345
234
102
291
355
380
362
329
291
256
226
172
137
104
77
53
32
16
0
10
19
82
77
74
87
78
96
128
161
177
184
258
298
286
311
359
352
263
160
71
184
215
201
163
142
130
121
100
95
87
74
60
47
36
14
10
4
0
0
4
17
79
58
60
87
116
201
277
300
262
229
252
268
241
180
135
64
94
193
189
154
120
102
82
82
81
81
79
78
71
51
47
43
38
32
25
20
8
5
8
60
61
61
73
83
86
99
156
212
219
227
191
163
136
135
91
19
188
231
235
205
172
150
131
104


