245
231
152
24
12
13
13
28
58
58
60
53
47
36
32
32
29
25
25
24
14
12
11
5
2
5
2
0
4
27
71
98
107
99
111
106
94
90
99
103
111
147
143
115
14
36
43
54
58
51
47
43
45
41
39
39
34
34
29
24
19
13
12
11
9
6
2
0
4
24
38
45
45
49
51
45
63
73
87
87
58
29
14
32
32
34
39
36
30
26
23
20
17
12
11
8
5
4
2
0
0
0
2
0
0
2
4
5
14
34
43
43
51
51
56
61
58
49
64
65
66
53
5
17
20
19
23
21
20
19
19
14
11
9
5
2
0
0
0
2
2
4
4
4
4
6
5
8
8
12
32
39
49
54
65
78
91
99
128
77


