262
148
368
415
373
298
228
196
161
128
99
71
53
24
14
5
0
2
4
5
16
17
17
27
78
74
87
101
115
132
256
364
410
397
410
395
291
184
104
106
253
289
258
218
184
153
123
100
78
58
36
26
19
13
8
5
2
4
5
5
5
5
21
51
49
45
45
45
61
70
115
176
233
241
182
146
95
70
2
95
145
137
117
102
87
74
61
49
29
20
15
13
9
8
5
4
2
2
2
11
27
23
21
20
16
11
13
15
20
25
43
26
17
43
32
32
30
24
0
13
21
27
26
24
20
18
8
8
8
9
5
2
0
0
0
0
0
0
0
5
30
23
20
19
25
39
41
60
73
70
79
91
68
87
128
39
5
16
27
64


