74
74
54
47
41
38
30
26
20
10
6
4
4
2
2
2
0
0
0
0
0
16
54
45
43
60
77
92
115
119
128
103
102
91
74
129
110
18
4
45
108
129
128
115
106
87
65
58
53
45
39
34
30
17
13
13
13
15
25
30
29
29
28
24
20
11
6
4
21
8
0
20
24
38
75
83
73
60
100
106
131
78
11
5
8
10
51
81
90
78
64
56
47
41
36
29
23
13
11
11
11
10
9
8
0
2
2
0
2
4
0
0
0
2
2
11
27
23
19
12
11
14
17
20
19
18
15
13
13
11
11
10
0
20
10
0
0
0
0
2
4
10
9
9
10
11
11
11
13
20
19
18
17
17
20
20
18
16
16
20


