23
17
15
14
13
16
16
14
9
8
13
15
14
14
14
14
13
17
16
18
21
28
27
36
36
34
39
41
43
28
60
38
34
34
28
45
115
139
69
64
32
9
30
34
30
13
5
0
0
0
0
0
10
11
19
23
21
26
30
24
34
36
61
91
91
92
108
108
58
11
8
8
9
10
11
11
5
0
2
15
20
9
2
0
0
0
0
0
0
5
13
13
14
15
16
17
17
17
17
15
12
11
11
12
17
21
23
21
19
11
4
4
6
9
9
10
11
17
15
15
14
13
12
13
13
17
156
108
36
20
0
10
9
5
0
5
6
5
6
6
6
15
13
14
14
15
14
16
14
13
13
12
13
17
14
11
11
11
11
11


