11
12
13
15
15
12
12
12
12
12
12
13
14
14
14
15
13
12
13
12
12
12
11
12
13
15
24
20
24
30
26
54
60
39
30
20
12
12
15
17
17
20
20
20
20
21
21
20
20
18
16
19
19
18
19
23
23
21
19
18
20
24
24
17
17
20
18
17
18
20
18
18
18
20
20
19
18
18
17
19
20
20
17
18
17
18
20
18
16
15
17
18
16
29
36
32
32
78
51
30
20
47
58
20
16
15
15
16
16
16
16
15
16
17
16
16
19
19
19
19
18
17
16
16
15
16
15
15
17
18
20
20
20
92
154
404
694
577
515
542
548
527
542
564
497
437
497
452
189
124
95
83
82
81
81
77
75
73
71
70


