71
70
143
486
289
503
527
490
471
329
266
241
184
71
127
408
504
535
476
545
674
670
443
11
78
70
68
68
70
69
70
68
64
64
61
58
58
56
58
58
54
65
308
530
544
455
368
466
537
517
596
490
289
12
530
800
800
800
800
800
800
800
800
800
789
572
269
124
322
430
490
481
462
430
384
310
308
295
273
317
362
350
326
280
225
195
137
74
87
286
429
432
397
287
228
203
153
143
87
29
98
146
156
172
202
198
195
184
177
160
152
145
143
142
138
127
116
107
100
99
85
54
24
20
125
202
201
227
215
198
186
170
119
18
75
107
120
127
138
138
125
117
98
87
85
74
65
54
45
36
30
29
23
15
13
11
8
0
43
144


