5
45
53
45
51
26
10
12
11
11
10
2
0
0
2
9
32
58
81
82
90
82
78
78
86
82
86
90
95
69
30
4
14
36
41
41
39
30
30
28
24
26
32
24
25
21
13
11
11
10
0
6
12
12
12
12
12
13
16
11
4
2
4
5
2
0
5
20
49
53
56
65
60
56
60
47
45
43
32
25
14
4
0
0
5
9
2
2
5
0
0
0
0
0
2
0
0
2
4
5
8
11
14
19
32
39
43
39
49
45
49
51
47
38
29
11
0
0
0
0
2
0
0
0
4
5
6
5
9
10
11
12
13
14
14
16
21
30
39
43
41
39
49
49
49
49
39
15
5
5
0
0
2
2
2
2
5
5
6
10


