11
11
13
13
14
14
15
15
15
16
20
24
32
39
41
43
49
53
51
53
47
34
23
11
4
0
0
0
0
0
4
2
5
8
9
9
11
11
11
13
14
15
15
17
21
30
39
43
43
39
49
56
51
51
38
16
8
6
0
0
2
4
2
2
5
4
8
9
11
11
12
14
14
15
19
28
34
41
51
49
53
56
47
43
36
14
5
0
0
0
0
0
0
0
0
2
2
5
9
12
17
27
36
41
45
54
53
51
51
45
39
34
15
5
0
0
0
2
2
2
2
5
5
5
4
8
11
14
24
34
41
45
56
54
51
51
45
39
39
34
13
5
0
0
2
2
0
0
0
4
5
4
0
2
5
8
11
16
28
36


