47
56
53
56
56
49
43
49
49
36
23
10
0
5
2
5
2
4
17
25
32
28
19
12
6
9
10
51
91
153
213
185
119
181
280
287
228
30
11
2
0
0
0
0
0
0
0
14
32
53
51
49
56
36
21
24
21
20
14
16
12
11
4
0
9
17
30
32
34
19
10
5
4
2
4
4
5
8
6
9
10
11
12
11
11
13
15
20
34
41
41
47
43
41
38
45
36
38
41
36
21
5
2
0
2
0
0
2
0
5
5
8
9
11
10
12
12
13
13
13
13
14
15
14
15
15
15
17
23
27
34
34
32
28
30
30
34
34
30
17
11
4
0
2
4
4
5
8
8
10
11
12
12
13
14
15
15
15
15
15


