594
736
650
495
298
180
124
47
212
320
422
464
426
317
173
98
70
53
41
34
28
20
12
6
58
124
131
455
417
326
280
305
265
196
87
41
60
78
123
95
47
170
289
277
293
280
243
170
111
75
53
34
10
103
239
331
352
328
310
236
165
121
51
153
282
387
483
520
506
439
345
228
114
49
25
20
17
11
9
4
5
16
16
16
16
16
16
16
16
16
19
16
17
16
16
16
15
21
14
4
11
10
5
0
0
11
20
18
19
20
20
23
21
24
27
24
29
34
47
65
58
47
41
47
60
74
20
38
39
39
39
41
41
41
39
41
41
41
41
39
41
41
39
38
36
36
34
32
30
29
29
30
30
29
29
29
30
30
39
53


