16
15
16
18
20
23
26
27
29
32
30
26
29
30
32
32
28
21
14
11
6
5
8
8
5
9
9
10
11
12
12
13
14
15
16
16
16
15
16
16
16
16
16
16
16
17
16
17
16
17
16
16
17
16
17
17
16
16
17
18
24
30
32
30
28
30
29
29
26
24
21
23
14
10
9
8
9
6
10
10
11
11
12
11
12
13
14
14
15
15
14
15
16
16
18
21
25
27
27
32
32
34
36
38
34
34
36
23
13
9
5
4
8
9
10
11
10
10
9
10
11
12
13
13
15
18
23
28
32
36
39
39
39
41
39
39
36
32
30
28
14
9
5
4
2
4
6
5
6
8
8
8
8
9
10
11
13
15
20
29


