36
41
45
45
43
38
41
38
34
34
28
12
6
5
2
4
5
5
5
9
8
9
10
9
8
6
9
11
13
14
17
23
28
36
39
41
43
43
39
39
39
32
19
11
6
5
8
6
6
9
10
8
8
11
11
11
11
11
11
11
12
15
21
28
34
39
39
38
36
36
34
28
18
12
10
10
10
10
11
12
12
13
12
12
11
13
13
13
14
15
15
15
17
20
25
27
32
32
32
30
30
30
28
20
14
12
11
11
11
11
11
12
12
13
13
13
13
15
15
15
16
16
16
16
16
17
17
17
16
16
16
17
18
18
20
23
25
26
25
25
25
26
27
25
20
15
14
14
13
14
14
15
15
15
15
15
15
16
17
17


