17
17
17
17
17
17
17
17
17
18
18
18
18
19
21
23
24
23
24
26
25
24
27
30
30
20
13
12
12
12
13
13
13
15
15
15
17
16
17
16
16
16
17
16
17
16
17
16
17
17
17
17
17
18
18
19
18
20
23
25
29
41
53
63
61
56
51
45
47
45
39
36
38
39
34
32
20
9
6
2
2
2
2
4
6
5
4
5
5
5
6
6
6
8
9
10
11
12
15
20
25
32
36
39
43
41
41
39
36
32
36
32
32
24
14
9
9
6
6
8
6
6
10
10
6
8
6
6
5
9
8
6
8
9
11
17
29
34
38
39
38
34
36
38
30
32
30
17
8
5
4
5
5
4
2
6
6
5
8
8


