8
8
9
8
10
10
10
10
15
20
25
32
36
34
34
39
32
32
30
18
11
11
8
5
8
9
8
9
11
10
11
12
12
11
12
12
13
13
14
14
16
17
20
25
29
30
30
32
32
32
25
15
12
11
11
11
11
11
11
11
13
12
13
14
14
14
16
15
15
15
16
15
16
17
17
17
20
25
28
34
34
32
32
32
25
17
15
12
12
12
11
12
13
12
13
14
13
14
16
15
15
16
16
16
17
16
16
16
17
18
20
26
30
34
36
32
29
32
32
28
18
13
11
11
9
10
11
11
11
11
12
13
14
15
15
15
16
16
16
16
17
18
21
25
29
32
32
32
36
34
27
16
11
8
8
9
10
11
12
12


