12
14
14
15
16
16
15
16
16
16
16
16
16
17
17
17
20
26
32
34
36
41
41
41
41
36
32
34
28
20
14
11
6
9
8
8
10
11
11
10
11
11
11
12
12
12
13
15
18
25
32
34
34
39
39
38
38
34
30
32
34
17
11
9
6
5
10
9
9
10
10
9
10
11
11
11
11
11
11
17
27
36
43
43
41
43
41
39
36
36
32
15
8
0
10
11
9
4
0
2
11
5
0
8
12
17
17
15
14
14
14
14
15
16
17
17
18
24
34
39
39
41
41
43
45
43
49
51
36
11
0
0
0
0
5
8
8
6
10
13
14
13
12
12
12
13
14
15
15
15
14
15
16
17
16
17
16
17
18
19


