24
30
34
39
38
43
49
54
56
36
15
9
6
9
11
10
11
11
11
12
12
12
12
13
13
14
14
14
14
17
20
28
36
43
43
43
45
45
45
45
43
45
47
28
9
2
0
5
0
2
0
4
2
2
2
6
10
11
11
11
12
16
16
16
15
14
14
15
16
17
18
24
36
43
45
47
51
56
60
63
60
73
90
95
34
2
15
13
14
9
2
2
4
0
0
0
4
6
11
27
56
66
73
75
83
85
81
82
79
61
10
27
30
29
26
20
16
12
10
6
4
0
0
2
2
6
8
10
11
16
30
41
45
53
56
60
69
74
58
65
78
86
79
25
5
24
41
36
32
36
32
19
14
4
0
2
2
8
10
11


