12
17
30
39
61
85
117
145
143
108
91
103
165
193
225
295
273
230
320
603
474
47
256
300
245
213
208
178
146
91
47
34
28
24
20
16
13
11
10
9
8
5
0
9
15
30
43
68
87
79
70
99
82
82
119
214
348
417
384
2
180
215
215
164
143
144
140
121
74
39
28
20
18
15
10
4
4
10
12
14
25
43
56
61
81
143
291
364
390
246
15
137
186
161
154
169
153
119
70
41
26
21
15
0
12
13
16
21
23
29
34
41
66
120
296
329
225
176
88
221
220
155
119
101
75
39
23
14
11
8
8
5
2
0
0
0
2
4
5
14
16
21
32
38
43
38
32
32
32
32
58
85
56
64
56
10
56
74
70
60


