43
32
26
13
4
0
2
4
5
5
5
8
9
10
10
11
11
11
11
11
12
13
16
17
17
18
19
20
21
24
32
36
32
30
36
36
32
23
14
20
17
6
0
0
0
0
2
2
2
5
6
9
10
11
11
12
11
12
12
14
14
15
15
14
15
16
16
16
17
18
19
19
20
20
20
23
26
24
20
19
20
19
18
15
14
14
14
14
15
14
15
16
16
16
16
17
16
17
17
18
18
20
20
20
20
23
24
23
23
32
32
34
36
32
38
47
56
85
138
154
154
79
11
18
30
32
29
23
13
8
5
0
4
6
9
10
11
11
11
11
12
12
13
13
13
14
16
17
18
20
24
21
20
60
147
326
439
472
408
353


