359
380
342
317
243
8
208
192
148
134
139
128
125
124
102
91
87
79
61
49
30
20
15
9
12
25
32
36
43
70
103
143
227
293
250
263
277
302
258
73
268
140
99
91
88
85
83
81
82
81
95
96
95
79
43
24
5
45
58
70
70
79
99
101
111
148
213
295
228
150
100
87
234
165
138
124
110
99
95
77
94
92
71
39
24
18
14
8
2
14
16
20
24
34
47
49
53
45
49
51
34
27
27
19
36
78
98
99
86
65
41
28
21
13
5
0
0
0
2
2
0
4
5
6
9
12
15
16
18
20
24
29
36
36
39
41
32
32
34
28
24
27
21
11
6
17
20
21
19
11
8
5
5
0
0
2
4
6
8
8


