8
10
11
11
12
12
13
13
12
13
15
17
17
18
18
20
20
21
23
32
38
36
29
28
25
17
16
16
20
20
17
13
11
11
11
11
11
12
12
12
11
11
11
11
12
14
14
13
14
14
14
15
15
16
16
16
18
20
20
21
24
26
29
32
32
25
34
32
45
47
51
53
36
26
39
43
34
11
0
5
5
5
4
0
2
2
5
9
11
12
13
14
14
14
13
15
15
16
16
17
17
19
20
21
27
34
34
36
43
51
47
111
291
483
717
641
277
53
198
185
128
91
65
43
28
26
23
17
12
10
8
5
6
4
2
9
16
24
32
51
82
214
355
413
508
548
691
737
426
0
175
231
260
256
277
298
246
170
107
70


