11
13
21
39
43
43
49
49
51
53
43
45
49
53
58
56
12
16
41
38
34
27
21
11
2
0
5
6
6
8
11
15
30
45
47
49
45
41
45
49
53
58
58
43
41
18
2
13
19
18
11
9
4
2
0
0
4
6
9
11
11
11
11
13
13
18
25
32
34
29
29
32
38
43
49
49
41
49
53
47
16
0
4
4
5
0
0
0
0
4
5
9
9
11
10
11
13
16
21
32
39
39
32
34
39
41
49
54
53
58
64
60
21
2
21
20
20
13
9
2
0
0
5
6
10
11
11
11
13
14
15
16
26
47
51
41
45
51
54
60
69
61
54
61
61
61
45
4
11
20
23
19
11
10
9
0
2
0
0
2


