2
6
11
11
12
13
12
12
15
16
21
29
36
34
32
32
39
43
47
51
53
43
47
53
51
41
8
4
8
13
10
6
5
5
0
0
4
5
6
6
9
12
12
15
21
32
32
30
30
36
39
43
45
49
39
41
47
47
45
26
4
2
10
10
10
6
5
2
2
2
6
8
9
9
11
13
17
34
45
43
49
43
43
49
53
58
63
66
49
54
61
53
11
25
45
41
41
36
27
20
15
10
0
5
11
12
13
12
14
25
58
65
53
43
53
51
56
64
64
74
82
69
61
66
39
5
36
53
45
45
32
17
10
11
11
5
0
6
9
10
9
14
28
53
51
65
182
221
181
151
142
139
135
124
101
73
15
8
18
25


