13
16
20
13
11
11
11
6
10
15
24
23
23
23
29
17
11
6
11
47
70
61
73
70
45
47
41
30
29
29
20
5
2
8
9
8
10
5
5
8
5
5
6
5
5
5
4
2
2
0
13
26
36
39
34
36
41
36
36
34
29
25
17
5
2
0
0
4
0
0
2
0
0
0
0
5
4
5
9
9
6
11
11
14
21
38
45
45
49
45
45
43
39
36
38
19
8
2
2
4
0
4
2
0
0
0
5
5
5
6
10
9
11
13
12
14
14
14
13
16
15
17
30
60
66
65
69
69
70
65
58
32
8
12
20
13
8
4
5
9
5
2
2
0
4
6
10
12
12
12
14
14
15
15
15
15
14
14
16
16


