16
16
16
15
17
17
17
16
16
16
16
17
17
17
17
17
16
17
17
17
17
17
17
19
28
38
47
51
58
56
47
45
47
49
47
17
0
9
11
2
11
30
34
34
36
36
19
5
0
0
0
0
0
0
0
2
9
11
12
13
14
14
15
16
16
17
17
16
16
16
17
17
17
17
16
16
18
19
20
19
20
20
23
20
21
24
25
28
34
47
39
36
26
13
9
6
5
10
9
11
11
12
12
12
14
15
17
17
25
58
91
107
112
94
70
49
39
38
41
36
39
41
34
27
20
6
0
0
4
5
0
0
2
2
0
0
0
2
4
4
5
5
5
5
17
39
53
56
51
54
51
54
51
49
47
41
32
21
6
0


