5
5
6
9
0
0
2
0
0
0
4
0
0
0
0
2
0
5
21
41
53
56
53
51
51
54
41
38
34
32
16
8
2
0
2
4
8
5
0
0
0
0
2
0
5
5
5
5
5
5
5
11
12
28
53
64
65
51
54
60
60
63
68
74
65
66
20
16
38
45
39
34
36
26
17
11
8
0
2
5
8
9
11
12
16
15
16
16
16
15
17
18
19
20
24
38
47
36
38
39
43
45
47
36
23
5
0
0
0
4
9
11
12
13
13
13
16
16
17
17
17
15
18
18
18
18
17
17
18
18
18
19
19
18
18
19
18
19
19
18
18
19
18
19
18
18
17
19
19
19
19
19
17
19
19
19
19
18
18
18


