11
10
11
11
11
11
11
11
11
11
13
30
107
134
32
11
8
0
0
2
4
5
6
8
9
9
10
10
10
10
11
12
12
12
12
12
12
12
12
12
13
13
15
30
96
29
5
2
6
9
9
10
11
11
11
11
11
13
18
19
17
15
15
20
45
73
85
104
137
293
198
12
95
51
28
24
15
8
2
0
0
2
2
2
4
5
6
11
11
11
11
11
11
11
11
20
32
101
167
153
88
36
73
38
26
16
10
2
0
2
4
5
5
5
6
9
13
25
20
16
13
12
12
12
39
155
310
344
200
5
115
114
70
41
25
16
11
5
0
0
0
2
2
6
15
12
11
11
10
11
30
154
328
347
238
6
103
146
128
66


