19
20
20
20
21
26
30
30
29
28
21
16
15
12
12
13
15
14
17
16
17
17
17
17
17
18
18
18
18
18
17
18
18
18
18
18
17
18
18
18
18
18
17
18
20
24
26
26
26
27
24
23
25
25
27
29
30
24
23
19
16
15
13
12
14
15
16
17
18
17
18
19
19
20
19
19
19
24
26
25
27
56
66
74
81
92
132
212
253
295
282
277
273
258
205
66
13
0
4
0
10
20
23
21
27
32
26
19
8
0
6
9
10
12
20
60
74
103
171
225
211
144
106
86
74
70
75
64
43
19
5
0
2
2
4
2
2
2
0
2
4
0
2
6
4
5
5
5
12
26
41
47
49
58
58
51
53
49
45
43


