17
15
14
13
13
13
10
2
11
19
30
18
11
21
41
58
153
390
395
302
68
235
250
195
172
129
82
65
58
51
43
39
36
34
27
17
45
87
88
82
63
60
63
34
27
293
415
310
20
223
263
153
144
156
158
124
74
56
49
41
28
2
63
61
39
29
21
24
24
14
8
18
19
9
9
11
56
70
192
210
170
128
82
43
27
20
16
12
12
11
8
5
2
0
5
17
16
16
17
18
29
25
24
20
18
16
11
19
28
11
29
49
49
41
25
11
2
0
0
2
2
2
4
6
6
8
5
6
5
5
11
15
16
18
20
23
20
18
17
20
34
30
29
32
29
20
36
49
23
8
15
12
13
15
15
11
5
0
0
2


