4
6
9
11
10
11
10
10
10
10
10
10
11
11
12
18
18
19
20
20
23
26
26
32
30
43
56
43
38
32
18
20
18
9
15
29
30
34
32
30
26
23
25
27
24
21
20
20
13
25
21
20
20
20
20
20
17
13
13
11
5
2
0
0
0
0
2
4
5
5
2
2
5
10
5
10
25
0
0
20
24
6
16
26
28
26
27
28
28
25
21
17
15
11
11
11
10
9
9
10
10
8
9
10
10
9
5
5
2
4
2
2
0
2
0
4
19
11
19
11
27
32
26
11
11
38
56
56
53
49
32
23
18
15
11
6
5
4
5
5
5
2
4
2
5
6
9
9
10
6
6
9
2
0
30
14
2
18
32
15


