20
61
83
94
103
81
63
71
77
49
45
49
49
47
38
18
2
4
0
0
23
0
32
36
36
32
29
32
29
21
20
21
20
17
5
5
5
2
14
23
24
24
24
41
47
45
45
45
43
43
45
45
45
43
45
45
41
39
39
45
38
34
36
43
58
204
569
576
450
73
115
169
160
136
96
53
32
23
20
19
15
13
12
11
10
2
8
8
5
0
0
2
2
0
2
0
21
28
74
361
286
146
65
152
178
167
120
74
53
47
41
13
10
9
8
9
11
28
32
39
53
87
79
102
63
30
30
74
225
275
191
86
225
271
222
139
111
112
106
71
56
45
38
32
25
10
11
5
2
11
19
15
18
65
78
74
95
256
241
169


