195
38
39
95
132
129
106
58
10
9
19
27
32
34
36
36
38
41
51
49
49
49
53
54
47
43
41
41
41
45
61
58
64
178
81
5
27
36
15
0
10
16
20
23
24
24
25
25
25
26
27
28
32
60
51
47
65
63
61
58
58
56
53
53
53
53
53
68
82
43
16
5
11
23
30
34
36
36
36
38
39
39
39
38
39
38
38
39
41
53
58
56
53
56
58
53
49
45
45
53
49
43
58
78
64
92
181
79
6
17
20
20
11
0
5
14
17
19
21
24
26
26
26
26
26
26
27
28
27
29
30
34
64
83
60
53
51
49
47
53
49
43
49
41
34
53
71
65
153
227
39
17
56
66
45
17
0
6
11
11


