12
13
13
13
15
16
17
20
21
34
32
34
36
30
29
28
25
23
25
25
27
28
39
25
20
20
24
9
4
4
0
0
9
12
15
17
19
19
19
20
20
20
20
20
20
23
23
23
21
23
23
23
21
21
21
21
21
21
21
21
21
21
19
15
14
15
17
18
18
19
20
20
20
20
20
20
24
24
24
24
24
25
29
26
28
65
226
437
471
340
27
100
148
120
56
20
10
5
2
0
5
6
6
8
9
8
8
13
21
28
29
27
28
32
147
450
569
552
562
439
366
326
342
68
167
266
311
389
410
377
333
280
191
90
45
19
2
5
10
12
19
27
47
49
43
56
134
256
395
432
571
590
568
453
295
150
60
121
171
237


