655
757
594
289
170
120
85
25
191
386
364
308
269
234
245
280
291
233
154
74
161
234
239
239
250
245
254
326
419
483
474
340
171
87
47
11
70
329
537
633
663
611
530
591
629
583
432
101
134
210
266
305
335
362
450
516
443
305
167
102
74
53
34
17
11
5
2
0
2
10
26
112
164
156
161
150
132
128
147
159
195
282
300
222
83
129
201
214
208
184
146
115
90
66
41
24
13
6
0
0
0
2
6
10
11
12
13
14
13
13
16
17
18
18
18
18
17
17
18
19
20
20
20
20
19
19
19
20
20
20
20
20
20
19
20
20
20
20
20
20
20
20
20
20
20
20
20
23
24
29
28
23
18
19
20
20
20
20
20
21


