21
23
23
24
24
24
24
25
25
25
24
25
24
24
24
24
25
25
26
25
25
25
26
26
26
26
26
56
43
36
24
21
23
23
24
23
51
47
23
21
21
21
23
23
23
26
29
28
25
24
24
23
23
24
23
21
23
21
23
68
70
26
20
20
21
21
21
21
21
21
21
21
21
20
21
21
21
21
20
20
20
26
32
34
65
75
74
73
71
66
60
61
61
58
56
53
30
27
26
26
26
26
26
26
25
25
26
26
26
26
26
26
26
25
25
25
25
25
25
25
25
25
25
25
25
24
24
23
23
24
24
24
24
23
24
23
23
23
23
23
23
23
23
23
23
23
23
23
23
24
23
23
51
60
60
58
58
56
56
54


