54
53
53
53
51
51
49
49
49
47
24
13
13
14
13
13
21
23
24
24
24
23
21
23
23
21
21
21
21
21
23
23
23
23
23
23
23
21
21
74
43
23
20
27
30
24
17
14
13
16
47
49
49
49
49
49
49
49
49
49
49
47
47
47
47
47
47
47
47
49
53
54
51
47
49
64
79
120
335
571
800
800
800
712
481
404
429
395
60
189
313
359
266
230
217
212
204
203
181
161
144
134
123
88
74
65
56
43
20
20
39
65
147
284
434
399
399
452
614
765
782
800
603
134
158
293
361
355
233
170
165
142
128
120
120
115
111
104
82
47
20
29
70
74
82
116
180
317
474
459
466
461
387
0
153
258
308
338
236
159


