18
19
19
19
19
19
19
18
19
19
19
19
18
19
19
19
19
19
18
20
20
19
19
19
19
19
20
19
20
19
19
19
19
19
20
19
19
19
19
18
19
19
20
19
20
19
19
19
20
20
19
20
20
19
19
19
19
20
20
20
19
20
19
20
20
19
34
41
143
333
135
38
5
6
5
0
4
5
9
10
11
14
36
73
124
153
167
170
137
132
116
112
115
103
104
92
25
38
73
82
75
99
121
96
68
78
92
92
54
25
14
8
0
9
61
128
128
139
134
124
123
143
197
209
197
188
71
43
95
123
155
184
196
210
213
253
284
234
144
78
36
18
6
4
39
164
282
364
419
387
300
254
243
265
209
144
23
114
161
193


