362
366
331
302
338
310
160
32
99
123
119
106
101
101
101
91
85
78
69
61
58
54
41
27
20
16
11
10
36
36
49
61
79
90
128
268
419
434
415
373
266
176
4
98
130
137
125
100
90
83
79
78
74
68
65
60
58
54
49
47
43
41
34
2
36
32
49
60
64
60
58
61
78
123
158
189
185
150
65
38
70
82
88
79
79
82
82
74
71
74
65
56
49
45
36
30
23
19
16
14
14
11
9
0
6
4
2
0
2
5
6
10
12
16
21
21
20
12
9
5
5
13
15
14
16
15
12
11
10
8
5
5
5
2
0
0
0
0
0
0
2
2
2
2
4
4
4
4
5
5
5
8
9
8
8
8
9
9
9
9


