39
43
61
127
293
382
450
434
347
273
251
218
194
161
60
26
32
28
27
25
25
24
24
21
21
21
20
19
20
41
87
132
175
192
193
184
153
13
184
347
506
625
690
716
684
564
517
512
517
417
445
527
618
600
45
128
121
120
117
115
112
107
106
106
104
102
100
99
96
95
128
214
228
213
220
225
225
210
178
161
144
115
95
81
60
65
63
60
60
54
51
53
54
51
39
36
34
32
32
32
30
30
30
47
70
83
88
107
127
119
103
94
82
74
70
69
65
61
58
58
56
51
36
17
2
0
0
0
0
2
0
2
2
2
4
4
4
4
4
4
5
5
5
5
5
5
5
6
6
6
6
6
6
8
8
8
8
8
9
9


