9
9
9
10
10
10
10
10
10
11
10
11
11
11
11
11
11
11
11
11
11
11
12
11
11
11
11
12
12
12
12
13
14
15
11
0
17
17
6
11
11
11
11
10
5
2
2
2
0
0
2
6
9
11
13
15
17
24
32
41
82
92
73
85
107
100
106
121
127
139
147
134
129
128
125
87
8
21
41
49
51
51
41
36
36
30
25
20
19
18
15
13
11
8
5
2
0
0
2
5
5
9
10
11
10
8
5
5
6
9
10
10
13
15
19
30
54
77
91
117
131
134
135
144
147
145
168
175
160
146
99
0
49
73
78
69
61
53
45
36
27
24
28
24
19
16
12
8
5
4
2
0
0
0
2
4
4
9
10
10


