10
10
11
10
11
11
10
9
5
5
6
6
6
10
11
12
17
21
29
34
38
41
53
63
65
66
70
70
75
87
74
28
0
10
13
16
18
14
12
11
11
6
2
0
0
2
2
5
6
8
10
9
9
10
11
11
11
11
11
11
11
11
12
13
13
13
13
14
14
17
25
36
45
51
65
77
77
81
87
101
100
136
203
284
479
565
586
557
516
459
387
287
195
106
23
74
95
136
182
165
137
127
115
103
99
87
78
75
74
73
66
66
68
65
61
58
56
51
47
49
49
45
39
36
36
29
28
27
24
21
20
18
16
14
13
13
11
11
10
11
9
8
8
6
6
5
4
4
2
2
0
0
0
0
2
6
13
20
27
38


