19
19
19
19
19
18
18
18
19
19
18
20
24
32
331
326
108
49
11
8
18
18
16
14
8
2
2
8
36
100
146
201
239
258
278
307
320
350
408
429
459
446
472
479
362
271
269
265
201
4
144
202
196
178
173
177
213
256
265
227
165
58
83
271
366
436
519
580
490
594
692
468
26
103
103
99
102
98
95
91
92
90
88
87
87
82
77
135
342
466
476
375
305
225
178
150
39
128
228
333
395
459
452
439
429
474
436
245
78
184
242
254
239
222
202
176
152
145
139
145
145
154
148
124
95
45
25
78
117
145
169
176
170
151
128
5
107
179
176
165
140
127
120
111
95
74
61
56
51
47
39
34
34
34
34
32
26
24
18
0


