29
53
74
96
106
101
65
4
39
61
74
82
75
51
36
36
32
27
25
19
20
20
19
16
15
11
11
11
11
11
11
10
6
8
8
6
6
5
5
4
2
4
4
2
2
2
0
0
0
0
5
9
15
27
39
30
23
20
9
2
9
8
9
12
11
8
5
2
0
2
2
0
2
4
4
4
5
6
5
5
5
5
5
5
8
8
6
6
8
8
8
8
10
9
9
9
9
9
9
9
11
10
10
10
10
10
10
10
12
11
11
11
11
11
11
11
12
12
11
11
12
12
12
13
13
13
12
12
12
12
12
14
14
13
13
13
13
13
13
16
15
14
13
13
13
14
14
15
14
13
13
14
13
14
16
16
15
16
17
20


