24
25
36
43
41
49
56
60
61
61
60
56
56
49
47
45
32
11
2
15
20
23
21
20
12
6
4
2
0
2
5
6
11
11
11
11
12
12
13
15
16
15
14
15
17
21
39
53
70
78
92
103
110
114
110
104
110
103
82
41
0
15
25
30
36
41
39
34
30
27
19
16
15
16
11
5
2
0
8
10
10
10
12
15
24
39
58
74
81
85
85
86
83
79
74
73
58
20
5
20
30
41
41
47
49
45
34
28
20
14
4
0
0
2
5
8
9
11
14
14
14
14
15
21
38
53
61
70
74
71
70
71
70
69
64
54
25
5
29
39
39
30
21
12
11
10
4
0
0
0
2
6
9
9
11
12
12
13
13
15


