15
14
15
17
20
27
36
45
47
51
53
56
60
61
58
53
39
14
0
9
13
12
9
2
4
4
0
2
5
6
10
12
12
12
13
13
13
13
16
16
17
18
20
27
34
36
36
32
32
32
32
34
34
34
30
17
8
2
0
0
0
2
9
11
11
11
13
13
13
13
15
15
15
15
15
15
15
15
17
17
17
17
18
19
20
24
30
30
30
30
32
34
39
41
41
32
17
10
6
5
5
6
11
11
12
12
12
12
13
14
16
16
16
16
17
16
17
17
18
18
17
17
18
18
18
18
19
20
20
21
24
23
23
23
23
21
21
21
23
24
25
27
25
19
14
11
11
11
11
11
12
14
15
14
13
14
16
16
17
18


