18
18
18
17
18
18
20
20
20
20
23
25
26
26
24
21
23
23
24
24
30
56
58
39
24
15
11
8
6
10
11
11
11
12
13
13
15
17
18
19
20
28
34
38
36
32
36
39
45
53
78
95
82
71
61
45
24
4
5
12
21
27
25
24
21
15
5
0
0
0
0
0
0
5
10
11
12
15
17
21
34
45
36
34
39
43
49
56
61
61
65
69
71
78
77
60
21
16
36
43
39
30
26
20
11
5
0
0
2
4
5
5
11
11
12
12
14
16
19
25
30
26
27
30
36
41
45
49
51
47
49
51
53
47
25
0
11
11
11
5
2
0
2
0
6
10
11
8
5
5
8
11
15
16
16
18
17
17
18
19


