0
2
2
4
6
10
11
11
11
11
12
16
16
16
18
23
34
49
70
85
110
136
132
124
117
124
88
41
51
65
61
65
61
49
38
29
24
17
6
0
0
0
0
2
2
2
5
9
11
17
18
21
30
41
53
60
63
69
79
85
95
95
100
90
63
36
18
34
43
56
51
34
25
20
17
12
10
9
6
0
4
5
5
5
6
6
8
10
15
18
19
19
20
24
38
56
65
71
79
87
99
103
98
99
78
47
2
28
34
34
36
32
19
14
11
9
6
5
4
0
4
6
6
6
8
8
9
11
13
16
17
17
19
23
30
41
47
51
58
61
66
68
70
65
45
26
0
11
11
13
13
8
5
5
2
0
0
0
5
9


