15
15
14
14
14
14
13
15
15
15
15
15
15
15
14
16
16
16
16
16
16
16
15
16
17
18
18
18
19
19
25
36
41
49
61
75
87
102
104
111
95
77
49
0
16
15
15
11
5
5
5
5
4
2
2
0
2
4
4
4
5
5
5
8
11
11
12
13
17
19
25
34
39
47
58
69
78
87
98
95
85
75
74
66
21
51
56
39
36
32
28
25
20
17
6
2
2
0
0
0
2
5
10
11
11
12
15
18
18
20
21
25
32
45
56
65
74
75
66
65
66
58
41
12
13
16
15
17
18
17
16
16
10
0
0
2
4
5
6
8
10
12
14
16
19
19
20
23
28
32
36
43
49
56
63
69
74
61
36
21


