4
4
10
8
5
0
0
0
0
2
2
2
2
8
10
10
10
11
11
11
11
13
15
15
16
15
16
19
20
20
19
20
21
21
28
39
49
56
56
61
65
70
63
39
26
11
2
0
0
0
0
2
5
8
9
8
9
8
8
9
11
12
12
12
12
12
12
13
15
16
15
15
15
16
17
18
18
18
18
18
20
24
34
41
41
45
51
53
58
60
43
23
17
11
5
5
4
5
9
10
10
10
10
10
11
11
13
14
13
13
13
13
13
14
15
16
15
15
15
16
15
16
17
16
17
17
17
17
17
18
18
17
18
18
18
19
19
24
28
30
38
45
45
29
20
17
17
16
15
15
15
14
15
15
16
15
15
15
14
14


