15
16
16
16
16
16
16
16
17
17
17
16
16
16
17
16
17
18
18
18
18
18
19
18
19
19
23
32
43
49
54
51
51
49
29
18
17
14
14
13
13
12
11
12
11
13
14
14
13
13
12
12
13
14
15
14
14
13
14
14
15
15
15
15
16
17
18
18
18
18
18
18
19
23
26
30
43
45
47
51
53
60
64
49
24
16
12
8
6
5
5
5
9
10
9
9
9
8
6
8
11
11
11
11
11
11
11
12
15
16
18
17
18
20
23
29
32
39
47
56
61
71
74
69
70
60
32
15
0
5
2
0
0
0
0
0
0
0
5
6
5
5
5
5
5
5
10
11
11
11
11
11
12
12
13
16
18
18
20
25


