34
45
56
56
60
64
69
74
74
77
74
69
56
36
9
6
11
11
4
4
6
8
8
9
9
2
0
0
0
0
0
0
2
6
9
9
9
11
11
14
17
17
17
18
24
34
41
51
49
51
53
56
61
65
66
51
27
12
0
4
5
2
0
2
0
0
0
0
0
4
5
5
5
6
5
5
6
10
11
11
11
12
15
18
18
17
17
18
20
24
34
45
49
53
61
70
66
49
24
16
8
2
0
0
0
0
0
5
5
6
8
9
10
9
11
11
12
12
12
13
15
16
16
17
17
17
20
25
32
39
41
45
49
56
53
30
20
14
9
5
4
2
2
4
8
10
10
11
11
11
11
11
13
14
14
14
14
13
13
14


