15
16
15
17
26
30
24
20
20
21
23
30
39
51
56
51
49
36
24
20
8
4
5
5
5
6
6
6
8
11
12
11
11
11
11
11
13
14
15
15
14
14
14
15
16
16
16
16
17
18
19
18
18
18
19
20
26
34
41
43
45
53
56
47
27
18
16
16
14
14
13
12
12
14
14
12
12
12
11
11
13
14
13
13
14
13
13
14
15
15
16
15
16
16
17
19
18
19
18
18
19
21
24
25
28
34
45
45
43
30
20
17
16
17
16
15
15
16
16
15
14
14
14
13
13
15
15
15
14
14
14
14
15
16
17
18
18
18
18
18
18
18
19
18
20
24
28
32
30
21
19
18
17
18
18
17
18
18
19
18


