18
18
18
18
18
17
18
17
17
17
17
17
18
18
17
17
17
16
17
18
18
18
19
19
19
20
23
24
30
38
45
56
69
77
71
70
61
41
20
11
4
2
5
5
5
4
5
4
4
5
8
9
9
9
9
9
10
11
13
13
13
14
15
19
18
20
21
25
34
39
45
51
70
91
90
88
78
74
95
68
39
11
14
19
25
27
29
27
24
12
6
4
2
0
0
2
5
10
11
11
11
12
13
18
18
19
24
32
45
54
65
75
78
70
70
75
73
56
39
5
15
17
17
19
20
24
28
28
20
9
4
0
0
0
2
5
8
11
13
13
14
18
20
21
25
29
36
51
56
61
69
74
77
70
61
49
30
10
5
13


