10
5
5
6
6
5
5
5
0
5
6
6
8
9
10
11
12
14
17
19
18
19
20
26
34
39
43
45
53
58
64
68
77
56
32
21
12
0
2
4
0
0
0
0
0
0
0
4
6
8
8
9
9
9
9
13
14
16
19
20
20
21
26
30
36
41
45
47
53
58
53
49
39
24
18
11
2
4
4
2
2
2
2
4
4
9
10
10
10
11
11
11
11
13
14
13
13
14
14
16
19
18
18
18
19
18
20
24
30
30
30
34
38
43
49
39
26
20
16
12
11
9
9
9
11
12
11
11
11
11
11
12
13
14
14
13
13
13
14
16
17
18
19
19
20
20
21
23
26
30
39
45
53
54
43
25
18
18
15
13


