11
13
13
13
12
14
16
16
16
16
16
14
14
15
14
14
15
15
15
15
15
15
15
16
16
17
17
18
18
18
19
18
18
18
19
19
20
20
24
29
29
32
36
30
21
19
17
18
17
17
17
17
17
17
17
18
18
18
17
16
16
17
17
17
17
16
16
15
16
16
16
16
17
17
19
19
19
18
19
19
18
19
18
19
20
20
24
32
36
25
20
18
17
18
17
18
18
18
18
18
18
18
18
18
17
16
16
16
17
16
16
16
16
16
18
17
19
19
19
19
19
20
20
25
26
34
49
65
74
73
77
79
87
70
43
21
5
0
0
0
2
2
0
5
8
6
6
5
5
5
8
10
11
10
10
11
10
11
12
14


