14
14
15
18
20
24
30
34
41
49
63
74
81
82
94
82
66
77
70
39
19
16
20
14
15
20
21
23
20
18
10
2
0
0
0
2
2
5
9
11
12
12
13
17
19
19
20
23
30
39
51
60
63
66
63
58
53
49
49
41
27
11
0
4
9
11
14
15
14
6
2
2
0
0
2
2
5
11
12
12
13
17
19
20
23
25
29
36
47
60
65
70
79
70
64
47
32
16
0
10
11
5
4
6
5
5
4
2
0
4
6
6
6
8
9
10
10
12
14
15
19
19
20
26
36
47
51
56
63
68
73
82
78
65
43
25
0
6
10
11
6
0
0
0
0
0
2
2
0
5
6
6
9
10
9
11
11
15
18
19


