69
53
53
56
61
74
61
34
18
2
4
11
13
13
13
10
4
4
5
5
4
2
0
2
6
9
9
10
11
11
11
16
19
18
20
26
38
54
70
82
82
87
78
82
87
75
49
20
2
11
15
14
15
16
17
13
5
5
6
5
2
2
0
0
6
10
11
11
13
18
19
20
27
30
43
53
63
74
86
90
91
81
75
60
36
11
6
15
17
11
9
11
9
10
9
8
5
0
2
2
2
2
4
5
5
9
11
11
11
13
16
17
18
20
23
27
34
45
56
66
71
74
66
70
58
36
21
5
5
5
5
5
5
5
5
5
4
0
2
2
4
5
5
5
6
11
12
13
15
19
19
18
19
18
20
20
24
30
36
45


