56
66
81
82
85
74
74
74
71
56
30
0
6
9
11
13
15
14
14
10
4
2
4
2
0
0
0
5
9
10
11
14
19
20
23
30
39
47
54
64
74
82
86
82
75
71
66
49
12
27
28
20
19
26
28
27
25
20
11
2
0
0
0
2
5
6
11
12
13
14
18
19
18
20
23
28
36
47
53
61
73
73
74
69
58
43
24
2
6
8
4
5
5
5
6
8
8
2
0
2
2
4
5
6
8
10
13
14
15
17
18
18
19
23
27
30
36
45
56
64
61
64
60
34
19
14
6
0
0
2
2
2
2
4
5
5
5
9
9
9
8
9
10
11
12
17
18
18
18
19
23
28
34
39
49
51
53
58
58
36


