81
86
82
71
54
41
32
23
19
13
9
9
8
5
4
2
4
2
5
10
12
11
12
13
14
16
18
20
19
20
20
21
23
23
21
23
23
23
30
39
49
60
56
53
53
58
51
47
34
18
13
8
4
0
0
0
2
4
4
2
2
0
0
4
5
6
6
8
8
9
9
12
13
15
14
15
16
17
21
32
32
36
43
47
49
61
53
39
30
21
16
8
0
0
2
2
2
2
2
2
2
6
8
9
9
10
10
10
12
12
12
13
13
16
17
16
16
16
18
26
32
41
41
36
41
51
63
56
63
54
30
21
16
10
26
26
25
23
25
24
24
21
19
23
23
21
20
20
18
19
20
24
25
24
24
25
29
29
27
27


