27
28
29
29
32
39
49
58
69
66
70
66
65
53
43
34
27
17
11
11
11
10
9
10
9
9
12
12
11
11
11
12
13
16
18
19
19
20
23
23
23
23
23
24
24
25
36
41
43
47
53
56
68
58
39
26
19
13
11
9
6
5
9
11
10
10
9
9
8
11
13
14
14
14
14
14
16
20
20
20
20
24
30
38
45
47
49
65
98
92
86
78
58
47
36
21
5
2
0
5
6
4
4
4
4
4
5
9
9
8
6
8
8
9
11
12
12
15
15
15
15
16
16
17
20
29
34
45
53
53
51
51
49
56
60
45
24
14
9
2
0
0
0
2
4
2
2
2
4
2
5
6
8
6
5
5
5
5
9
10


