10
11
11
11
11
11
12
13
15
15
15
15
54
54
51
49
51
47
38
39
45
43
32
20
14
11
11
11
11
10
9
8
5
5
5
6
6
5
5
5
4
5
8
6
6
8
10
11
13
13
13
13
12
13
13
13
15
16
16
19
28
26
20
14
13
12
12
12
13
13
13
13
13
12
13
13
12
12
13
13
12
13
13
12
13
13
15
15
15
15
17
18
17
16
16
17
19
20
23
30
32
34
39
41
45
41
53
49
32
20
16
12
10
8
9
9
6
5
5
5
5
5
9
9
9
8
9
8
10
12
13
13
13
14
16
18
17
17
17
18
20
29
36
43
45
43
51
56
58
60
60
45
28
18
10
2
0
0
4
5


