5
5
5
5
5
6
9
8
6
6
6
5
6
11
11
12
12
12
12
13
14
16
16
17
18
17
18
20
20
23
25
29
32
36
49
63
88
63
49
100
95
102
41
53
65
11
11
14
16
16
11
11
10
9
5
5
4
0
2
4
5
6
6
8
12
13
14
14
14
15
16
18
17
19
18
20
23
24
29
32
30
30
34
39
49
49
43
41
32
27
20
15
10
9
9
8
5
4
2
2
2
5
8
9
10
11
11
11
12
14
15
15
15
16
18
19
20
20
20
21
27
29
34
36
36
43
43
32
26
24
20
17
12
13
12
11
10
9
9
8
10
12
13
14
14
14
13
14
17
18
18
18
18
18
18
18
19
19
20
25


