24
21
19
18
18
18
17
15
12
11
10
6
6
6
6
9
13
13
14
14
14
13
15
15
14
14
14
14
14
15
16
19
16
11
10
8
8
8
9
9
9
9
9
9
8
6
8
9
9
10
9
9
9
10
11
11
11
11
12
12
19
25
32
34
36
39
41
41
34
23
14
12
11
11
11
11
6
5
6
5
5
5
6
8
6
10
11
11
11
23
60
60
58
53
49
47
49
53
43
34
32
32
30
36
39
43
47
39
24
20
13
5
0
5
5
2
2
5
2
2
0
0
4
6
6
8
8
8
9
10
12
12
11
13
13
19
26
26
26
29
32
30
36
36
32
30
26
24
21
21
20
17
14
11
10
9
9
9
15
17


