18
18
19
20
19
20
23
26
25
26
27
30
34
36
36
36
38
41
41
41
45
38
34
29
25
21
20
18
16
12
10
9
10
10
11
16
17
17
16
17
17
17
21
23
21
21
27
32
41
47
47
45
39
43
43
39
36
30
21
18
15
12
10
30
21
32
38
38
38
38
39
39
39
43
45
49
47
49
49
54
60
60
60
63
65
64
68
77
71
56
51
47
41
29
21
24
26
23
21
23
21
21
24
29
30
30
30
30
30
30
32
34
34
36
36
38
39
45
49
49
51
53
58
58
56
63
61
49
39
36
30
29
24
23
20
17
12
11
11
12
12
18
20
20
21
23
23
21
21
25
27
27
27
27
28
30
39
47
53
51


