51
51
51
53
49
49
41
32
27
24
20
14
11
9
4
2
5
5
6
11
15
16
15
16
16
17
18
20
20
24
23
23
24
26
30
30
30
30
34
39
38
34
32
34
32
26
23
23
23
20
19
16
13
12
11
11
13
17
18
18
18
19
18
20
20
23
23
23
24
23
23
23
24
24
25
26
29
32
39
47
38
30
29
27
20
12
11
11
15
18
18
17
18
18
19
20
20
21
21
24
23
24
25
25
26
29
30
30
34
36
39
36
34
34
39
36
30
24
21
20
20
19
18
15
13
15
14
15
14
15
15
15
17
18
19
19
19
20
19
21
21
21
21
24
30
32
39
43
43
45
43
39
43
41
34
26
20
20
18
15


