13
10
11
11
10
9
8
9
10
11
15
17
16
17
17
17
20
21
20
21
24
29
34
38
41
41
39
38
39
39
53
43
36
36
36
34
19
8
0
2
0
0
0
0
2
4
5
10
14
16
16
16
16
17
17
18
20
21
23
27
27
26
34
39
39
36
29
32
45
53
47
39
34
32
27
21
16
11
9
6
2
0
0
0
2
9
11
12
12
13
13
14
14
17
19
20
20
20
29
36
43
45
41
36
43
47
39
41
47
53
36
32
26
20
13
5
4
4
2
0
0
0
0
0
2
6
9
10
11
11
12
13
14
17
18
18
20
20
24
29
39
45
47
45
47
45
47
51
47
41
36
28
23
18
11
5
5
4
2
0


