0
0
0
0
6
9
9
11
11
11
11
14
17
18
19
19
19
20
26
32
34
39
43
49
49
47
41
39
41
29
24
17
15
13
11
8
5
2
0
0
0
6
9
9
11
11
11
12
14
16
17
16
16
17
17
18
19
20
19
19
19
19
21
24
24
27
32
32
47
49
56
70
36
34
32
24
20
14
12
8
5
4
4
2
5
10
12
12
12
13
14
14
17
18
18
18
19
20
20
20
20
20
20
26
32
32
39
36
39
43
49
41
36
30
24
23
51
51
47
41
36
36
36
34
32
32
32
32
34
36
36
34
34
34
34
36
36
34
36
36
41
45
51
51
47
53
54
60
58
65
65
47
41
34
28
23
15
13
11
9


