5
2
5
5
2
0
2
2
0
0
0
0
2
4
4
5
5
6
9
10
9
10
14
21
34
39
43
39
34
41
41
36
45
43
23
18
11
5
0
0
2
0
0
0
4
2
5
6
2
0
0
0
0
2
4
5
9
9
9
10
11
13
13
14
15
19
25
32
39
47
49
49
41
39
41
39
30
24
15
12
6
2
2
0
0
2
0
0
0
0
0
0
0
2
8
10
10
11
11
11
13
16
16
15
16
18
25
32
36
38
36
39
43
43
41
39
43
30
18
16
12
11
10
9
10
10
6
5
4
0
0
4
2
2
0
2
4
5
10
11
11
11
12
12
12
14
15
15
16
16
16
15
15
15
16
18
19
20
20
20


