20
20
19
17
17
17
16
16
15
15
15
14
15
15
15
16
16
15
16
15
15
16
15
16
15
16
16
16
15
15
15
17
19
20
20
23
23
25
41
38
29
34
32
23
16
10
5
5
5
5
10
11
11
11
11
11
11
13
15
14
14
15
15
15
17
16
17
16
17
18
21
27
34
39
39
39
43
38
41
56
43
34
30
20
18
14
11
8
5
2
2
0
0
2
8
9
10
10
11
11
12
14
15
15
15
17
17
19
24
26
27
32
38
43
47
47
53
45
38
39
36
43
51
30
25
17
9
2
0
4
2
0
0
2
2
0
0
0
5
9
10
11
11
11
11
14
17
17
18
24
28
39
49
51
56
51
53
58
49
49


