36
32
21
15
9
2
0
9
11
6
5
5
5
0
0
2
4
10
12
13
14
14
14
14
15
18
18
19
21
30
36
39
41
34
36
45
47
41
36
43
36
29
24
19
13
6
4
2
0
2
4
2
0
0
6
10
10
11
11
12
13
15
16
18
18
19
19
20
26
30
32
34
36
38
39
45
47
39
26
21
20
16
11
5
2
5
5
5
5
5
6
8
11
12
14
15
15
15
15
18
18
18
19
19
20
29
32
36
36
32
30
30
36
38
49
47
36
32
27
20
11
4
0
0
0
0
0
0
2
4
11
12
13
13
14
14
14
15
16
17
18
18
18
19
18
24
25
26
27
32
39
39
47
36
39
36
30
25
21
19


