15
13
11
9
8
5
5
6
11
11
11
11
12
11
13
15
16
17
17
18
20
19
20
21
27
27
34
43
47
49
58
53
47
39
34
28
20
17
12
10
9
6
5
4
0
0
0
5
8
9
10
11
11
12
13
16
18
19
18
18
20
24
30
34
36
41
45
51
51
54
43
38
32
25
25
20
11
8
4
0
0
0
0
0
2
8
10
10
11
11
11
12
13
16
15
16
16
15
16
18
18
18
17
19
20
34
45
53
41
36
38
41
58
68
65
56
47
38
34
30
26
24
26
25
23
20
20
20
19
24
26
26
26
26
26
27
28
30
30
30
30
30
30
30
30
30
30
29
29
32
38
36
36
34
39
39
36
32
30
27


