28
26
26
26
26
24
24
24
24
20
21
21
21
21
25
25
25
26
26
26
26
27
26
26
26
32
32
38
43
38
39
39
39
41
36
30
25
23
21
21
21
20
20
18
18
18
16
15
14
15
14
16
18
18
18
15
6
4
5
5
5
5
8
15
17
24
27
25
23
23
25
24
25
26
17
12
8
6
5
5
4
2
2
0
0
0
2
2
0
0
4
5
5
6
8
8
6
9
11
12
11
11
12
12
11
19
20
25
30
39
41
43
41
41
34
23
13
11
11
11
11
11
11
10
6
0
0
0
0
0
5
8
10
9
10
10
10
11
12
13
14
14
14
15
20
24
30
36
39
41
39
45
49
36
39
29
20
17
16
12


