9
8
4
0
0
2
2
0
0
6
9
9
10
10
11
11
11
13
15
16
16
17
19
20
25
30
30
29
34
38
39
38
39
30
25
20
15
9
5
4
4
6
9
8
8
9
9
9
10
12
13
13
14
14
15
17
17
17
18
18
19
26
28
30
34
34
32
30
34
39
34
26
26
20
17
14
11
6
4
2
8
10
10
10
10
11
11
13
15
16
15
15
15
17
17
18
19
21
24
28
34
47
51
43
41
36
43
41
60
69
65
58
51
45
41
34
29
23
26
25
24
23
21
21
21
21
25
26
25
24
21
20
13
11
10
11
11
13
18
19
25
32
34
41
30
38
34
30
25
16
11
5
0
0
5
8
8
0
0
0


