0
2
4
5
6
10
11
11
11
11
14
14
15
16
19
24
32
39
43
47
45
38
36
34
34
26
26
19
13
9
2
0
4
5
6
4
2
5
5
5
6
8
9
11
12
13
13
15
15
16
17
19
23
21
24
27
27
39
39
36
30
26
20
18
15
14
13
11
6
5
2
2
4
8
10
11
11
11
11
11
12
14
15
16
18
18
20
20
26
36
45
51
58
61
61
64
54
53
49
39
39
34
30
28
24
20
16
15
12
13
13
18
19
20
20
20
20
20
21
25
26
26
27
27
27
27
27
28
30
32
36
43
47
54
54
47
41
36
30
29
26
25
20
19
16
12
11
10
11
11
15
17
19
19
19
19
20
20
20
21


