23
23
23
23
23
21
28
30
29
32
36
49
58
60
51
49
43
36
28
23
17
13
11
9
6
5
4
4
5
11
13
13
14
14
14
14
15
18
19
19
19
20
20
21
24
30
34
38
41
45
51
51
47
39
51
45
27
26
20
13
9
6
2
0
0
0
0
2
8
10
10
11
12
12
13
14
15
17
16
17
19
19
19
20
23
25
28
34
39
51
51
56
49
32
29
21
19
15
14
13
12
10
8
6
5
5
10
11
10
10
11
11
11
13
15
16
16
18
18
19
19
18
18
19
19
28
36
45
43
41
39
41
43
32
28
25
21
17
11
6
5
2
5
10
10
10
11
10
10
11
14
15
15
14
14
15
15
19
18
18


