18
18
20
24
26
34
29
27
39
38
34
36
36
28
20
19
17
15
11
9
8
10
10
9
10
9
9
10
12
14
15
15
16
15
15
16
17
18
18
18
18
20
20
26
28
39
38
43
47
45
49
43
39
32
26
20
16
11
6
5
4
2
2
2
4
5
11
12
12
12
13
13
13
14
16
17
17
16
17
18
18
19
18
20
24
29
36
41
45
49
38
36
41
49
39
30
24
17
14
11
6
4
0
0
2
5
5
6
9
9
10
11
15
15
15
15
15
15
15
16
18
17
18
18
20
29
39
45
45
47
47
49
60
61
61
45
26
18
18
17
14
9
9
8
5
2
0
0
2
2
2
5
6
8
9
9
10
11
13
15


