15
17
16
17
17
18
18
18
18
18
20
25
32
36
38
30
28
24
20
20
14
11
10
6
6
6
8
8
12
14
15
15
15
15
14
16
18
18
20
20
20
27
30
36
36
39
39
38
47
47
32
45
56
34
45
39
29
12
2
0
4
2
5
4
2
2
0
4
10
11
11
12
13
13
14
16
17
19
19
19
18
20
30
39
43
39
43
41
51
54
49
36
24
27
21
17
9
2
2
4
0
0
0
2
4
5
11
13
13
13
13
13
13
14
16
17
16
17
18
19
20
26
27
30
32
39
45
45
49
41
39
30
32
34
41
41
30
20
16
11
6
2
0
2
0
0
2
2
2
4
5
10
11
12
12
13
13
13
14
16


