17
18
18
18
19
19
23
29
34
51
56
54
41
56
64
58
65
45
47
36
10
8
6
9
11
8
4
0
0
4
8
9
10
10
10
11
12
14
15
16
19
19
20
25
29
32
39
43
43
53
53
53
45
34
36
36
36
27
11
0
5
8
9
6
5
0
4
5
5
8
8
9
10
12
14
14
14
15
17
20
20
21
21
27
32
38
43
47
56
54
47
36
45
43
28
26
21
14
9
4
2
0
0
0
5
6
6
6
6
8
9
11
14
14
14
14
14
14
14
17
19
19
20
21
30
39
47
49
43
43
49
53
54
51
45
45
36
28
19
11
5
2
5
5
2
0
0
0
2
5
8
8
8
10
10
11
11
14
15
15


