14
15
14
15
17
18
19
18
19
18
20
29
28
36
43
47
54
49
43
49
41
30
24
18
16
14
14
14
13
11
11
9
5
6
10
10
9
8
9
9
8
11
12
13
14
13
13
14
14
14
17
17
18
18
17
17
18
18
20
23
21
30
29
41
45
36
32
29
20
17
17
17
16
17
16
16
15
14
12
12
13
14
13
13
13
13
14
16
16
16
16
16
16
18
18
19
18
19
20
24
32
36
43
45
47
51
49
58
60
47
32
20
16
11
9
5
8
8
5
5
4
2
2
6
10
11
11
11
11
12
11
13
14
15
17
17
17
18
18
19
20
23
26
30
36
41
45
36
34
34
39
36
30
18
11
2
5
4
0
0


