9
12
12
12
13
13
13
14
15
16
16
16
15
16
18
17
18
18
18
20
24
28
34
36
38
36
36
39
41
32
25
16
16
16
16
16
15
15
15
13
13
12
11
11
9
8
11
12
12
13
13
12
12
14
17
18
18
18
19
19
26
28
28
39
39
51
51
51
45
38
27
17
15
15
15
14
13
12
10
9
8
5
5
5
10
11
11
11
11
11
12
13
16
16
17
19
19
19
19
20
21
25
26
32
34
41
47
39
30
24
20
17
17
16
16
16
15
16
28
43
43
41
43
43
39
36
32
30
29
28
30
30
30
30
30
30
30
34
38
36
41
47
45
51
49
54
53
30
25
19
12
11
8
2
0
0
0
2
2
2


