0
0
4
6
8
8
9
9
10
10
11
13
13
12
13
13
20
25
36
41
36
43
43
49
43
41
34
26
19
14
11
5
0
0
0
2
4
2
0
0
0
5
8
9
9
9
10
10
11
14
16
16
15
19
27
36
43
41
39
39
47
39
47
49
41
27
20
20
14
6
0
0
0
0
0
0
0
0
0
2
6
10
10
10
11
11
11
11
12
16
16
16
17
17
17
19
26
28
34
39
39
39
43
41
32
21
19
15
15
13
11
9
8
4
2
2
5
5
5
9
11
12
12
12
12
13
14
15
16
18
18
17
17
17
19
23
26
30
32
34
38
39
36
34
28
24
24
17
16
16
15
13
11
8
6
5
5
9
11
13


