13
13
13
13
14
17
18
18
18
19
20
23
30
32
34
39
39
43
43
47
60
49
34
27
20
16
11
5
2
2
0
0
0
0
0
2
6
11
11
11
12
13
13
13
15
17
17
19
18
19
20
21
24
25
28
36
45
51
49
49
43
38
26
25
19
17
14
13
11
8
5
5
5
5
8
11
12
12
12
11
11
12
13
15
16
16
16
18
19
18
19
20
26
29
38
45
41
51
49
36
29
36
30
20
19
17
14
12
11
8
5
4
2
5
9
10
9
10
10
10
11
12
14
15
15
15
15
18
18
17
17
18
18
18
20
30
43
53
53
51
49
43
47
41
39
32
23
17
6
0
0
5
4
0
5
6
8
9
9
9


