11
13
14
14
15
16
18
18
18
18
18
26
34
47
53
56
49
39
36
43
43
41
28
26
17
11
5
2
0
0
0
0
2
2
2
4
4
5
8
11
13
13
14
15
15
18
17
18
18
18
19
21
28
30
34
32
30
38
36
45
34
25
19
17
16
13
5
0
0
6
9
10
10
11
11
11
12
14
15
14
15
16
18
18
18
18
18
25
39
34
32
34
27
28
30
32
32
49
32
27
19
17
15
12
11
8
6
10
10
9
8
8
6
8
10
12
14
14
14
14
14
15
15
18
19
18
18
18
18
20
20
25
29
38
49
56
49
53
60
45
36
30
12
5
5
2
5
10
10
9
10
10
10
11
14
14
14
14
14
14


