15
16
17
17
18
18
19
27
32
39
36
43
43
43
45
41
34
23
18
17
16
15
13
13
11
8
6
5
5
5
10
11
11
11
12
12
11
12
15
17
18
18
18
18
18
19
20
28
38
47
53
51
51
53
45
38
36
30
18
5
2
2
0
2
0
2
5
5
5
10
12
12
12
13
13
13
13
16
16
16
17
18
18
19
19
19
24
28
34
41
45
47
43
39
43
49
36
27
29
21
16
11
5
4
2
0
0
4
8
9
9
10
10
10
11
12
14
15
16
18
18
19
18
20
27
29
38
41
41
49
56
45
38
36
30
29
20
17
12
10
5
0
0
2
0
2
6
8
6
6
8
9
10
11
13
15
15
15
19
19


