20
20
23
27
30
32
39
43
43
49
41
34
30
28
24
19
16
13
11
8
6
5
5
5
6
11
11
11
12
13
13
13
15
16
17
17
19
19
20
20
20
25
29
32
36
43
49
41
41
36
34
34
32
24
20
17
15
14
12
11
8
6
9
10
9
8
9
9
8
9
11
13
13
13
14
14
17
19
19
19
20
27
30
39
47
47
51
43
36
39
39
41
30
27
20
16
13
11
9
6
5
2
4
11
15
14
14
12
12
12
14
18
19
18
19
19
20
20
24
24
24
24
25
26
25
38
41
39
41
38
45
41
36
51
36
28
25
23
19
14
10
11
13
13
13
14
14
13
15
16
17
16
16
16
15
15
17
17
18
18


