20
20
20
21
28
30
32
39
43
47
49
56
45
39
34
24
19
15
14
13
13
12
11
10
8
5
2
5
8
9
8
9
9
9
9
11
13
14
14
15
15
17
18
18
18
19
20
30
43
45
51
53
45
41
43
43
43
45
36
27
19
15
11
6
4
0
0
2
2
0
0
0
0
0
5
8
9
10
11
11
11
13
15
17
18
18
19
24
30
41
43
41
39
43
41
36
47
34
23
23
17
15
13
11
11
10
6
2
2
4
2
5
9
10
11
11
11
11
11
12
15
15
18
18
17
18
19
21
26
24
29
32
38
43
45
36
30
23
24
17
14
13
12
12
11
9
6
5
4
4
9
9
9
10
10
10
11
12
14
16


