17
17
18
18
19
19
23
26
27
30
28
30
34
28
20
20
17
16
16
15
15
14
13
12
11
11
10
11
13
12
13
13
13
13
14
16
16
16
18
18
18
18
20
21
20
24
36
61
68
66
79
87
81
79
73
60
53
43
36
30
26
23
19
16
14
16
17
16
15
14
14
14
15
18
18
16
15
13
9
11
11
11
11
13
18
23
29
41
47
47
43
47
60
39
39
47
21
14
11
5
0
0
0
0
0
2
2
4
4
4
2
0
2
2
4
4
5
5
8
10
11
11
12
13
13
14
16
20
23
21
24
28
34
60
49
47
39
56
78
39
30
17
5
17
20
20
18
13
11
0
23
39
39
38
32
23
23
23
21
20


