20
20
21
19
18
18
18
26
29
29
32
45
43
45
28
20
20
19
14
5
0
0
0
2
2
0
0
0
0
5
8
10
10
11
11
11
11
14
16
16
17
19
25
32
41
43
54
60
58
58
51
56
39
28
25
17
9
0
0
5
6
8
2
0
0
0
0
0
0
5
9
10
11
11
11
13
17
17
16
17
19
25
34
45
53
51
41
53
54
53
49
45
36
25
20
12
5
0
0
0
0
0
0
0
0
0
0
4
5
5
5
6
9
9
11
13
13
14
14
14
17
16
17
17
18
20
24
43
41
45
45
49
47
47
49
39
34
26
18
11
5
2
0
0
2
5
5
5
6
8
6
8
11
11
11
11
11
12
12
14


