16
15
17
17
17
17
17
17
18
19
18
20
32
29
27
29
26
24
20
18
17
17
17
17
16
17
17
17
16
16
15
15
14
14
14
16
16
16
16
16
16
17
18
18
17
17
18
20
20
26
32
32
32
34
36
39
36
28
25
18
16
15
16
15
14
14
13
13
12
10
8
8
11
12
12
12
12
12
12
13
16
18
17
18
18
19
21
23
28
34
41
47
49
53
49
41
34
30
25
17
8
0
2
2
2
0
2
4
5
6
11
12
12
13
13
13
14
16
17
18
19
18
19
19
19
23
30
34
43
47
54
54
51
56
30
25
27
24
19
14
11
9
6
5
4
2
2
2
5
9
10
10
11
11
11
11
12
15
16
16


