18
19
19
19
20
24
26
30
38
43
51
54
60
71
53
41
39
34
25
9
0
0
0
2
0
0
0
0
2
8
9
10
10
10
11
11
12
15
17
18
19
19
19
21
29
34
36
43
47
53
58
73
65
65
43
36
23
18
20
15
11
9
10
6
2
0
5
2
0
0
0
0
0
0
2
5
10
11
11
11
11
11
11
13
16
18
18
18
18
19
19
23
28
28
30
32
38
45
49
47
39
34
29
20
15
9
5
6
5
5
5
5
6
9
10
12
14
15
16
16
16
16
16
17
17
17
18
18
18
18
19
20
20
21
30
30
34
45
39
43
41
36
28
19
17
17
16
16
16
15
13
11
10
11
12
13
13
12
12
12


