12
15
16
16
16
18
18
18
18
19
20
23
28
32
39
43
36
30
29
26
20
17
16
16
15
15
14
12
11
8
6
10
11
11
12
11
12
12
13
16
18
18
17
18
19
18
19
20
20
29
32
32
45
45
43
41
30
25
20
19
16
11
11
9
6
6
6
6
6
8
11
12
13
12
12
13
13
15
16
18
19
18
19
20
28
30
34
32
38
43
41
45
49
43
32
27
25
21
20
15
11
9
5
4
2
0
0
2
8
10
10
11
11
11
12
13
15
16
16
17
19
19
20
24
26
30
32
34
43
47
53
53
43
32
29
21
19
16
13
11
10
5
2
4
4
4
5
11
12
12
12
13
13
14
15
18
17
17
19
19


