19
20
25
29
29
32
36
43
45
47
47
45
34
26
23
20
17
14
13
11
9
5
2
2
2
5
10
11
11
11
11
12
12
14
16
17
18
18
19
19
20
28
30
29
30
32
30
34
34
30
25
20
18
17
17
16
16
16
14
11
10
8
8
10
13
14
15
14
14
15
16
18
19
19
18
20
20
20
20
32
39
45
49
49
47
49
41
30
20
17
16
15
13
11
11
11
9
5
5
5
5
10
12
13
13
14
14
15
17
18
19
19
20
19
24
34
45
53
47
41
38
39
41
39
41
30
23
18
11
5
0
2
0
2
2
2
5
5
6
10
12
13
13
13
13
14
15
17
18
19
19
20
25
28
30
30
32
30
32
32


