34
34
23
18
17
17
16
15
14
14
14
11
10
9
9
9
11
13
14
14
15
18
18
19
19
19
23
24
28
30
36
32
30
28
29
23
20
18
13
12
11
9
8
5
8
9
11
14
15
14
14
14
15
15
19
19
19
19
20
23
28
36
43
36
34
39
41
38
30
21
20
18
17
16
14
11
8
8
10
11
11
12
11
11
11
14
15
15
16
18
19
18
19
20
23
26
30
34
36
39
39
36
27
26
29
29
21
19
17
16
13
9
2
2
6
10
11
11
11
11
11
11
14
15
16
16
16
19
19
19
20
21
27
28
34
32
39
47
32
24
30
41
38
25
24
20
17
17
15
13
10
2
0
6
6
8
8
9
10
10


