12
15
16
17
19
19
19
20
28
28
27
30
32
36
39
43
39
34
29
26
25
21
17
11
10
6
4
5
5
6
8
11
14
14
15
15
15
15
16
17
18
19
19
19
18
19
24
36
41
47
47
60
63
64
95
65
34
61
70
36
8
0
0
8
11
11
12
12
13
14
20
23
23
21
20
20
19
12
12
14
13
14
15
17
20
23
23
21
27
25
25
29
21
16
17
15
14
14
13
13
13
13
11
6
5
5
5
8
11
11
11
14
16
16
17
17
19
20
25
30
32
34
30
32
32
26
25
19
17
17
15
12
11
8
5
5
5
5
11
11
11
12
12
12
13
17
17
17
18
23
25
29
32
32
29
32
36
38
36
41


