30
27
23
20
17
15
11
8
6
6
6
5
4
2
2
2
4
10
11
12
12
13
14
14
15
17
18
18
18
20
29
34
47
39
36
38
39
36
34
36
30
20
20
18
17
15
11
10
10
10
8
6
5
5
6
11
13
14
14
15
19
19
20
20
20
27
45
51
53
53
49
43
43
38
34
32
32
30
30
30
30
27
26
20
18
19
23
24
23
23
23
23
24
25
30
29
29
30
29
41
53
64
61
61
47
47
47
49
41
41
38
39
47
38
20
6
2
0
0
0
2
4
4
5
11
15
15
16
17
17
17
18
20
23
21
21
23
21
26
29
26
23
30
32
28
36
32
19
12
14
12
11
6
0
9
6
5
5
2
2


