2
2
0
4
6
8
8
9
13
13
14
17
20
23
29
34
43
41
43
36
24
20
36
32
24
25
16
11
10
4
0
0
0
6
11
8
5
2
0
0
0
0
5
9
10
11
11
13
14
15
16
17
23
28
29
32
32
32
34
27
21
25
43
28
20
17
15
13
11
11
8
5
6
8
6
4
4
2
4
5
10
11
11
11
15
17
17
18
19
20
21
25
28
28
28
32
28
25
24
19
17
17
16
17
15
14
13
12
11
9
10
12
12
12
12
12
11
11
14
15
16
18
18
18
18
20
25
26
28
28
27
32
27
26
32
36
27
21
19
17
16
13
13
13
9
8
6
5
6
10
12
11
13
13
13
14
15
18
19
19


