19
19
19
20
20
20
28
25
26
30
32
32
24
20
19
17
18
18
18
18
17
18
17
17
16
15
16
16
17
16
17
16
16
17
18
18
19
19
19
19
20
21
28
30
29
30
30
29
30
30
26
24
36
43
41
38
36
34
32
32
30
28
25
23
25
25
23
23
16
11
11
13
14
15
15
14
16
16
17
19
24
25
24
29
30
32
36
39
38
36
28
25
21
21
21
20
20
18
16
14
12
10
10
12
15
15
15
14
13
13
15
16
16
16
16
20
23
27
38
36
36
32
32
39
43
38
39
23
20
15
12
10
4
0
4
4
0
0
2
4
5
6
9
11
13
14
14
15
17
17
17
17
19
26
36
49
56
66
73
78


