96
99
69
43
41
2
34
36
21
18
19
16
12
10
5
0
8
11
11
11
11
12
12
13
17
17
17
18
21
39
60
63
58
39
39
47
32
38
41
21
20
20
16
9
0
5
11
14
5
2
0
0
0
4
5
9
11
13
16
16
17
21
39
58
91
111
117
106
95
87
78
65
61
56
49
34
2
32
36
27
28
36
30
26
27
21
12
11
9
5
4
0
2
5
6
8
9
12
19
23
39
82
103
95
91
87
81
99
95
70
79
49
16
43
36
45
54
49
41
34
23
8
0
0
0
2
2
2
6
9
9
10
11
15
18
18
21
30
39
54
58
60
74
78
79
71
77
86
63
49
8
20
30
34
20
5
10
12
6
4


