5
5
5
5
8
9
10
10
10
11
11
11
12
14
15
15
16
16
18
20
20
20
20
25
32
41
45
51
49
45
39
47
45
36
30
30
21
11
4
0
0
0
0
0
6
9
10
10
11
11
11
14
17
17
18
18
19
20
21
23
25
32
38
41
49
51
43
23
24
24
41
34
28
24
19
11
5
2
2
2
2
8
11
12
13
13
12
12
13
15
16
17
17
18
19
19
20
20
53
60
65
66
65
71
68
65
54
47
43
41
39
36
29
26
25
23
20
20
18
17
18
20
20
20
19
18
17
16
15
11
10
10
10
11
11
11
12
12
20
25
30
32
34
39
41
28
19
17
15
12
8
5
5
5
4
2
2
2
2
5


