210
210
173
124
91
78
66
56
45
36
2
74
268
404
390
399
406
362
296
135
65
155
203
228
231
254
258
198
137
108
85
68
58
49
39
32
28
26
25
23
20
18
13
11
5
10
58
131
263
434
448
390
277
128
30
85
128
156
168
161
148
139
123
104
87
61
49
41
32
26
23
17
16
16
14
13
11
2
0
2
5
6
39
83
106
114
128
161
197
243
223
70
34
64
74
79
81
86
75
58
53
49
43
36
32
23
18
18
18
17
14
13
11
6
5
5
5
4
2
2
0
0
0
0
0
2
2
5
4
5
19
41
66
90
107
137
144
125
70
39
13
19
39
49
49
43
36
32
24
16
15
13
11
8
6
5
0
0
0
0


