0
0
2
4
5
4
4
5
5
5
5
6
6
6
5
6
6
8
11
17
15
13
15
20
28
49
74
92
106
124
132
117
68
39
13
14
32
39
39
34
29
23
16
9
6
5
2
0
0
2
5
5
5
6
6
6
8
9
11
11
10
10
10
10
10
10
12
12
11
11
11
11
11
11
14
13
12
12
13
12
12
12
15
14
14
21
30
28
29
34
39
47
60
74
85
101
115
116
114
91
47
14
25
41
36
32
30
25
16
8
5
6
6
5
2
0
2
4
6
10
10
11
10
11
11
11
13
12
12
12
12
12
12
13
13
14
13
13
14
13
14
16
15
15
17
19
19
20
26
30
45
70
96
125
139
153
161
139
95
38


