10
29
54
53
41
34
30
24
18
14
9
2
0
0
2
5
5
6
10
10
10
11
10
11
11
12
12
11
11
12
12
12
14
14
13
13
13
14
16
20
20
19
20
21
24
36
61
82
94
106
117
142
156
140
78
36
8
41
51
45
36
32
23
16
13
11
9
5
0
0
5
5
5
6
8
8
9
11
11
11
11
11
11
11
13
18
20
45
49
49
49
51
61
63
74
79
98
108
132
150
129
77
45
20
0
9
11
6
6
9
8
5
2
2
0
0
2
4
2
0
0
0
2
4
4
5
5
5
5
5
8
6
8
6
8
8
8
9
13
13
15
18
23
28
32
43
54
56
73
82
82
103
114
63
25
0
28
36
39
36


