25
20
15
12
9
5
2
0
2
4
5
5
6
6
8
9
10
11
10
11
11
10
12
13
16
16
18
20
25
28
27
32
36
45
51
58
69
58
36
23
13
4
13
14
8
4
4
0
0
0
2
6
6
8
9
10
11
11
12
12
12
13
13
13
12
14
17
20
20
19
19
20
21
19
18
20
20
23
23
27
30
24
23
18
18
15
10
8
6
5
5
8
8
8
11
11
11
11
12
13
13
15
14
15
15
15
15
15
17
20
20
20
19
20
23
30
34
39
45
56
70
91
116
123
103
54
32
12
8
20
23
17
16
17
13
9
5
2
2
6
8
9
10
10
11
12
14
13
13
13
13
14
14
15
20
23
21
23
25
30


