36
49
51
60
73
86
94
101
95
87
49
24
2
30
45
51
41
28
20
15
8
2
0
0
6
9
10
11
11
12
13
13
15
14
14
13
15
14
15
15
21
20
20
20
20
23
29
32
28
30
32
32
41
39
34
21
17
15
8
2
0
0
4
6
9
10
11
11
11
13
14
15
14
15
15
15
17
20
20
18
20
23
25
30
36
34
36
47
56
61
78
81
51
27
19
12
0
6
11
5
5
4
0
0
2
5
10
11
11
12
13
13
13
15
16
15
16
16
15
17
21
21
20
19
19
20
20
21
20
14
11
11
13
14
14
15
17
16
17
19
23
21
21
21
20
19
18
19
18
19
19
19
20
16
12
11
13
13
15
16


