16
16
17
17
20
24
23
19
19
20
20
20
20
20
20
19
18
19
18
18
20
20
18
17
15
15
16
16
16
18
18
18
18
18
18
18
19
19
20
23
23
21
20
20
20
19
19
19
19
19
19
19
19
19
20
19
19
19
19
18
17
17
18
18
17
19
18
20
18
20
19
19
20
21
20
20
20
20
20
20
20
20
20
20
20
20
23
24
20
20
20
20
20
20
20
20
20
20
20
20
19
19
20
20
20
20
20
20
20
20
19
20
23
27
27
32
27
24
23
21
20
20
20
19
18
17
17
16
17
17
17
18
19
18
18
18
18
18
20
20
20
20
20
20
19
19
19
20
23
24
25
29
28
25
20
20
18
17
16
17


