16
18
18
19
18
18
18
17
20
20
20
20
21
24
30
34
36
34
30
27
39
45
54
60
49
36
29
14
0
5
0
4
5
6
10
12
12
14
16
17
16
16
16
16
16
20
20
20
24
24
28
30
41
47
45
47
47
51
53
68
82
64
38
23
26
41
34
25
10
0
0
2
5
6
9
11
12
13
13
14
15
15
16
20
20
19
19
21
26
36
36
36
34
34
36
43
41
34
25
10
5
6
2
0
2
5
10
12
12
12
14
14
15
17
20
20
19
20
19
21
26
30
30
24
24
28
27
24
32
30
27
23
21
14
5
4
8
10
10
11
12
13
14
17
17
17
17
21
20
20
20
20
20
24
23
21
26
25
21
20


