20
20
20
14
11
13
14
14
14
15
15
16
18
18
18
17
17
17
18
19
19
19
20
20
20
20
20
19
19
20
20
20
24
24
24
23
23
24
25
25
24
17
13
12
13
13
14
15
17
17
18
17
18
18
18
19
18
18
18
20
23
20
19
20
20
20
20
21
23
20
20
20
20
20
21
23
20
19
19
16
15
15
17
18
18
18
17
18
18
19
19
19
21
21
20
20
19
20
20
20
20
20
20
20
20
18
17
17
17
17
19
18
17
20
24
24
21
20
20
20
20
20
20
20
21
20
20
19
17
18
19
17
17
17
18
20
23
21
20
20
20
20
18
20
20
19
17
18
20
20
21
21
21
53
56
54
51
43
36
32


