30
30
29
25
20
20
23
24
23
23
21
23
20
20
20
20
20
20
20
20
20
19
20
20
19
20
20
20
20
20
20
19
19
18
19
18
19
19
19
20
20
19
19
19
19
19
19
20
20
23
23
20
21
21
21
23
23
23
21
21
23
24
29
26
28
34
28
27
27
25
26
23
14
13
16
16
15
17
17
17
17
19
19
19
18
18
19
19
19
19
20
20
20
24
21
21
21
23
20
20
20
21
25
28
32
34
30
32
32
32
30
21
16
19
20
20
21
23
21
23
24
25
25
24
23
24
24
23
24
25
24
24
25
27
26
25
28
27
26
26
28
30
32
34
36
41
41
38
39
49
66
49
36
27
2
8
5
0
2
5


