12
15
16
16
17
17
18
19
20
20
19
18
18
18
18
19
20
20
25
24
24
26
30
32
34
34
34
39
53
74
85
144
198
147
159
176
2
129
137
90
54
24
10
0
2
5
10
11
13
12
14
14
13
17
17
16
16
16
16
16
17
24
21
20
23
29
43
54
65
56
56
61
71
70
115
170
129
136
258
100
120
195
147
111
91
82
78
43
8
4
6
5
0
2
4
5
18
47
103
230
382
455
415
395
380
355
345
331
302
284
302
377
361
34
218
258
237
202
159
132
134
176
195
200
215
195
159
123
88
63
41
30
25
20
20
20
16
14
13
13
9
11
14
13
19
43
77
108
145
178
237
302
389
377
338
228
54
144
258
284


