280
223
163
124
90
61
43
25
19
16
14
12
11
6
6
6
5
0
20
25
26
32
53
68
71
99
124
154
164
184
164
194
221
152
41
114
131
128
111
114
121
99
70
53
32
25
20
14
9
6
5
2
0
0
0
0
0
4
2
2
5
19
23
32
36
32
51
70
96
111
111
102
98
99
134
155
87
49
34
107
125
120
104
79
58
43
32
23
15
11
2
0
0
0
2
2
2
5
6
6
6
5
6
8
11
11
11
18
20
23
25
27
21
17
17
23
32
36
41
28
21
30
41
30
26
26
4
20
25
18
12
9
0
0
2
5
6
8
9
11
11
11
11
12
12
12
14
14
13
14
13
13
14
15
15
15
20
23
20
24


