45
45
43
41
41
39
39
38
38
36
34
34
34
34
32
24
4
0
0
0
0
0
0
0
0
0
0
0
0
0
2
0
0
5
5
4
4
4
5
4
5
2
19
123
197
172
139
124
119
143
144
131
120
111
99
24
185
377
548
547
537
506
554
515
448
120
91
103
100
114
102
121
99
102
136
178
184
156
41
26
25
24
21
20
20
20
20
20
30
27
49
69
87
100
95
78
47
45
239
382
395
387
422
390
364
338
324
254
30
88
116
134
137
139
136
129
127
121
110
111
114
115
108
100
95
85
71
60
53
45
36
16
21
64
163
286
401
422
406
359
335
326
269
137
41
102
119
125
131
120
121
124
117
111
106
99
91
87
78
77


