167
111
74
60
56
51
61
63
60
61
68
70
74
78
81
90
98
101
101
100
102
102
103
103
103
102
100
99
99
98
95
95
92
82
78
75
79
88
124
188
245
265
194
188
201
215
243
182
58
9
0
12
13
6
10
8
0
11
18
25
28
38
43
45
49
53
58
56
56
56
56
56
56
56
54
56
54
56
53
51
53
54
77
111
160
204
242
253
287
357
377
333
208
45
12
39
39
41
29
20
25
27
19
6
11
20
20
20
20
21
20
20
20
20
20
20
20
20
20
21
14
39
51
61
56
34
6
10
21
39
66
104
181
231
295
373
370
347
310
298
263
82
39
91
96
86
85
74
70
61
53
60
65
53
30
19
11
5
0
2


