25
36
114
208
273
329
377
382
413
422
384
386
395
315
191
36
36
34
32
32
30
30
30
29
29
27
27
26
25
24
24
21
23
23
20
20
19
19
20
16
18
17
111
441
565
761
772
670
512
200
15
441
656
680
569
512
537
537
504
426
165
43
36
27
26
24
24
23
23
21
21
20
20
20
20
19
19
19
18
18
19
19
20
23
21
20
25
95
169
162
171
158
128
112
90
56
21
64
161
186
380
466
406
352
298
12
103
161
192
184
182
171
161
163
151
124
124
111
110
87
63
64
71
92
86
68
74
61
45
26
0
12
16
15
16
16
16
17
17
17
16
16
12
6
0
5
11
14
16
10
0
4
2
2
0
2
2
4
2
4


