9
11
13
12
15
20
32
56
69
82
137
140
124
120
117
124
104
39
10
0
6
8
5
4
2
0
4
10
12
12
12
13
14
13
12
12
13
13
13
13
13
13
14
13
15
14
14
14
14
15
14
15
14
14
14
15
15
15
15
15
15
15
15
15
15
15
15
15
20
13
2
0
0
0
0
0
5
11
12
13
14
15
11
11
6
2
10
20
34
51
74
99
108
135
172
151
61
10
10
6
9
11
9
9
10
10
10
11
11
11
0
17
17
8
9
8
5
2
0
0
2
4
5
5
5
6
9
9
10
6
9
11
12
13
14
15
16
18
25
30
45
58
61
65
74
81
95
111
132
152
154
144
135
134
119
54
10
30
34
26


