20
15
15
19
19
18
19
16
14
14
13
11
8
6
5
2
2
0
0
2
2
2
4
5
5
6
9
11
12
17
20
30
39
49
63
73
78
78
78
82
87
87
86
82
77
74
38
4
19
24
20
17
14
10
10
11
9
2
5
9
2
5
2
2
0
2
6
9
8
5
2
0
0
0
2
5
9
12
27
64
101
127
156
172
188
188
189
167
144
49
10
18
13
11
11
11
8
5
4
5
8
11
12
10
5
2
0
0
0
0
0
0
0
0
0
0
5
11
25
28
25
23
20
17
11
6
4
0
2
9
23
51
87
121
132
172
187
205
221
258
237
180
70
11
25
30
34
39
38
36
36
36
30
27
25
20
16
15
16
15


