14
12
11
8
9
10
9
8
6
5
4
4
5
5
4
4
2
2
0
0
0
0
0
2
5
11
21
36
66
104
120
125
137
150
143
135
136
131
111
58
0
19
39
47
47
45
41
36
30
28
28
24
21
20
16
12
10
11
11
8
6
4
2
0
0
0
0
0
0
0
0
0
2
2
2
5
9
16
21
21
28
61
82
103
146
153
153
144
147
135
111
69
9
14
24
29
32
34
32
29
27
26
23
19
19
19
17
14
13
11
10
8
6
2
0
0
0
0
0
0
2
2
4
4
5
6
9
16
23
27
30
45
78
106
107
110
117
111
99
86
43
0
11
15
21
25
24
21
20
19
16
13
14
12
9
5
4
2
0
0


