0
0
2
2
4
4
5
6
6
6
6
6
8
9
9
10
10
10
11
11
12
13
14
15
21
34
138
129
128
137
137
135
120
114
100
73
58
58
53
32
2
17
26
30
30
28
24
25
24
20
19
17
16
13
11
10
9
5
5
4
0
0
0
0
0
2
2
4
5
5
5
6
8
9
11
18
32
47
58
74
101
120
131
132
131
124
114
128
127
112
53
5
25
36
34
34
36
32
30
28
25
23
20
21
20
14
11
8
6
5
2
0
0
0
2
0
2
2
0
4
9
21
47
78
117
144
146
137
136
135
121
117
129
137
128
117
91
41
15
34
51
58
58
56
56
49
41
38
39
36
34
34
30
26
20
18
15
11
8
5


