2
2
0
0
2
5
20
34
56
88
100
98
103
107
112
103
107
114
88
15
20
38
41
36
34
36
34
32
29
25
21
18
19
16
12
11
6
5
2
2
0
0
2
5
14
36
53
75
108
120
127
120
120
98
39
0
16
21
23
24
25
23
18
15
11
8
8
9
6
2
0
0
0
0
0
0
2
2
4
5
5
5
5
5
6
6
8
9
9
8
8
9
9
10
11
11
10
10
11
11
11
11
12
11
11
11
11
12
12
12
12
12
12
11
12
13
13
14
12
12
12
13
13
14
14
14
14
15
18
24
30
36
49
56
61
65
66
73
74
90
91
78
69
39
5
5
12
20
23
20
19
15
11
6
5
2
0
0
0
2


