5
5
5
9
9
10
10
10
11
11
11
11
12
13
17
30
61
87
112
145
155
169
168
177
178
175
188
193
182
169
169
177
140
53
28
56
70
75
78
75
70
66
65
63
60
53
47
45
39
29
20
15
11
11
9
5
2
0
6
39
66
87
132
161
169
170
169
170
163
172
172
154
120
36
28
58
70
77
78
73
66
65
61
58
51
49
49
45
41
34
28
21
19
15
10
6
5
4
0
17
41
58
66
91
107
119
121
124
119
121
128
115
47
5
20
32
41
39
36
34
32
27
23
23
23
18
14
10
6
5
2
0
0
0
0
2
4
4
5
5
6
8
9
9
9
9
11
12
17
27
39
47
45
53
58
34
11
4
2
0


