2
5
5
11
36
83
124
155
186
218
239
275
289
271
151
11
45
60
81
71
68
64
66
70
64
56
53
45
43
36
28
19
9
8
5
4
0
0
2
2
19
70
99
143
170
194
222
82
11
41
58
13
6
5
5
5
4
4
0
2
12
17
18
17
16
13
12
15
14
20
30
30
24
11
8
2
4
26
88
154
184
204
206
227
234
236
112
27
74
82
73
65
61
58
53
51
43
30
25
24
13
11
10
10
5
2
0
5
17
65
116
164
220
263
315
338
432
508
495
355
21
43
45
41
39
39
39
36
34
34
34
34
32
34
29
27
32
28
28
26
28
21
20
20
24
96
98
110
110
101
101
83
91
96
66
70
91
88
78
61


