2
5
5
5
5
6
8
9
9
9
8
9
10
10
11
11
11
11
11
12
12
12
13
13
13
13
14
14
14
14
14
15
14
14
14
14
14
14
15
15
15
15
15
16
17
20
28
32
34
39
45
49
51
68
69
70
74
69
58
36
4
8
15
15
15
16
13
9
6
5
2
2
0
0
0
0
0
0
2
2
4
4
5
6
8
8
8
9
8
9
5
5
8
11
12
24
53
110
144
150
193
258
313
350
411
410
401
355
260
60
63
99
75
45
45
51
51
54
66
82
81
70
63
53
47
43
43
17
14
14
13
13
12
12
11
11
12
13
15
17
19
20
20
20
17
12
11
9
8
5
2
11
43
83
115
128
121
112
110
111


