115
103
43
18
49
60
65
64
58
49
39
32
26
19
15
13
11
11
9
8
5
5
5
4
2
2
2
2
0
0
0
0
0
0
0
0
0
0
0
2
2
2
4
4
5
11
26
39
49
65
81
92
99
103
117
91
21
8
23
29
27
23
18
15
11
9
6
4
2
0
0
0
0
0
0
2
2
2
4
4
5
5
5
6
5
6
6
6
8
8
8
9
9
10
10
11
12
19
28
39
49
61
74
85
83
38
6
0
2
2
2
0
0
0
2
4
5
5
5
6
8
6
8
8
9
9
9
10
10
10
10
11
11
11
12
18
29
39
56
69
88
92
95
100
100
102
100
115
112
82
26
9
30
43
43
39
32
27
20
17


