11
5
2
2
0
0
0
2
2
4
4
5
5
5
5
5
6
8
8
8
11
11
17
32
56
82
95
103
117
123
120
115
106
98
96
77
38
2
20
32
39
39
38
36
36
30
26
19
13
10
5
4
2
0
0
2
2
4
5
8
15
34
56
90
107
128
130
117
111
102
94
100
99
41
11
32
41
43
43
38
30
30
29
23
18
15
12
9
8
5
0
0
0
0
0
2
2
5
5
11
21
38
63
85
96
103
111
120
119
115
124
88
13
13
29
38
36
32
32
28
24
20
18
13
10
8
6
2
0
0
0
2
2
2
2
2
5
5
6
9
11
16
27
39
51
60
74
74
71
73
71
70
58
32
0
10
17
19
19
16


