11
9
11
8
5
2
0
0
2
2
2
2
4
5
6
5
6
6
6
8
9
9
10
11
11
11
11
11
11
11
11
11
11
11
12
12
13
12
12
13
13
13
13
13
13
13
14
14
14
14
14
15
15
15
15
16
17
24
34
47
49
56
60
60
56
53
36
15
8
4
0
0
0
2
2
5
6
8
9
11
11
12
11
12
13
13
13
14
14
15
15
15
15
15
18
25
34
43
56
70
88
100
103
103
102
107
114
132
124
103
73
17
4
17
30
32
34
32
30
26
20
19
15
11
6
4
0
0
0
2
4
5
5
5
5
6
8
9
11
19
36
54
74
94
102
111
116
117
112
103
106
96
88
58
0
20
32
34
36
39


