41
8
43
114
144
162
139
91
36
5
17
16
19
15
14
12
10
6
2
0
11
43
32
11
9
2
13
32
66
82
99
124
114
82
20
8
12
5
2
2
2
2
2
0
0
0
0
0
0
27
9
0
0
0
0
0
2
2
2
2
2
4
5
5
4
4
5
32
23
25
21
23
28
30
34
36
28
9
18
65
128
170
248
277
247
293
315
313
377
362
305
228
9
169
193
202
185
186
178
160
124
100
92
70
60
45
39
30
12
0
0
0
0
0
0
0
5
2
2
11
19
20
17
10
2
6
32
86
164
176
143
137
129
103
79
73
69
49
0
45
75
70
61
53
43
45
47
20
0
0
2
4
32
43
47
47
51
45
27
25


