13
12
12
11
10
11
11
12
18
26
34
41
41
32
24
24
20
16
13
10
8
10
10
6
5
5
2
0
0
0
0
0
0
0
2
2
0
2
2
5
11
24
43
53
58
70
79
81
79
61
15
5
18
21
20
17
11
8
11
9
2
2
0
0
2
5
5
5
5
5
6
8
9
8
6
6
6
8
8
9
10
9
9
9
9
10
9
11
11
11
10
10
10
11
11
11
11
11
10
10
11
11
11
11
11
11
11
11
12
13
13
14
14
15
19
25
30
38
49
58
56
60
63
63
60
49
19
0
5
11
11
11
4
0
0
2
5
6
8
9
11
11
10
11
12
12
13
13
13
12
12
13
12
13
13
14
13
14
14
15


