20
10
13
20
17
5
15
66
123
169
151
127
123
106
85
77
32
5
25
36
36
36
36
30
20
11
5
0
0
0
2
5
9
14
32
43
49
49
53
61
63
56
45
11
5
16
23
30
30
23
15
10
4
0
0
4
5
6
8
10
12
18
34
45
49
49
51
45
26
8
5
20
21
14
17
20
20
11
5
2
0
0
2
5
9
11
11
10
10
10
10
11
15
15
19
41
66
104
128
152
162
152
154
121
25
20
49
53
43
34
27
20
12
8
2
0
0
2
4
4
5
10
18
49
79
120
147
151
175
201
203
225
181
34
45
87
99
91
79
68
51
36
26
20
16
11
8
4
2
2
0
0
0
0
0
0
2
2
2
5


