5
5
6
6
5
6
6
9
8
11
12
25
34
47
71
110
111
103
78
70
56
47
34
10
2
12
25
39
47
43
32
24
14
9
4
2
0
6
23
51
68
71
86
82
69
73
60
28
5
41
81
107
120
106
90
70
58
45
30
21
20
11
5
2
4
6
11
12
12
12
14
17
17
17
16
18
23
43
74
78
70
73
74
81
85
74
32
2
47
78
96
88
70
51
34
25
11
0
10
12
17
25
27
26
25
25
25
27
28
25
17
15
16
15
13
12
14
12
12
12
18
19
18
21
24
24
25
25
25
25
25
20
17
17
16
17
19
18
18
18
19
19
19
20
21
24
25
24
23
23
19
19
19
18
17
18
17
17
19
18


