13
11
15
23
47
91
95
103
86
83
87
82
87
91
71
43
13
0
23
39
47
41
28
14
9
4
0
4
8
11
12
14
14
15
18
25
47
61
70
70
61
56
53
49
47
49
49
43
16
2
18
24
21
23
19
16
11
5
0
2
8
11
13
14
17
23
32
43
49
53
53
56
56
53
53
49
25
4
8
24
32
41
39
30
23
23
29
23
11
4
0
4
9
14
29
58
92
78
81
98
136
95
65
51
38
5
49
73
95
104
102
91
69
45
25
12
5
0
0
5
11
14
16
19
20
25
32
53
94
138
167
205
228
236
196
107
23
10
10
10
10
10
11
10
11
12
11
11
11
11
11
14
11
10
8
0
6
45
10
5


