8
2
2
11
13
27
39
27
11
0
0
2
4
8
11
15
36
60
71
79
85
86
82
86
78
63
32
8
6
16
20
24
18
14
12
5
0
4
5
8
10
11
11
12
13
14
14
14
15
16
17
24
39
51
61
65
60
60
58
47
18
2
19
19
17
11
0
2
5
8
9
10
11
12
13
13
13
14
14
15
16
16
16
16
16
17
16
18
17
17
17
17
17
18
19
30
41
45
53
58
60
58
51
43
17
0
9
9
5
0
0
5
9
11
11
12
12
13
14
14
16
16
16
19
27
36
39
43
45
49
51
49
43
36
19
6
4
11
8
5
0
0
4
5
10
11
12
12
13
14
14
14
15
15
16
16
16
16
17
19


