32
39
43
43
45
43
47
47
39
18
4
4
4
2
0
2
5
8
10
11
12
13
14
14
15
15
15
15
16
16
16
17
17
17
18
18
23
32
43
47
47
43
43
41
41
39
43
41
34
25
13
11
51
75
73
58
45
32
19
11
4
0
5
5
10
11
13
15
15
16
16
17
18
19
19
20
19
19
20
20
20
20
20
20
20
21
23
25
28
34
41
51
60
61
56
56
54
53
41
20
8
2
0
0
4
8
11
11
14
15
16
17
17
17
17
17
15
16
17
18
20
27
43
45
47
49
47
45
45
45
45
43
39
20
11
2
0
0
0
0
2
5
9
11
13
14
14
15
16
16
17
17
17
17
18
21
29
34
39
41


