39
41
41
38
36
28
13
2
0
0
0
2
6
9
10
11
13
15
15
16
16
16
16
17
17
19
19
21
26
30
32
36
36
32
32
29
19
10
2
4
5
9
11
12
14
15
15
16
16
17
16
18
18
18
19
20
26
32
34
38
38
38
27
16
10
6
8
9
11
12
14
14
15
16
16
16
17
17
17
18
17
18
18
18
18
18
18
18
18
18
18
18
20
21
29
32
36
36
38
36
36
36
38
39
36
29
15
5
0
2
0
4
8
10
11
13
14
15
15
15
15
16
16
17
16
17
17
17
17
18
18
19
20
26
32
34
36
39
38
38
39
38
38
34
20
11
0
5
2
0
5
8
10
11
12
14
15
15
15
15


