16
17
18
20
25
32
36
36
39
39
41
39
27
11
0
5
0
4
8
11
12
14
15
15
15
15
17
17
17
18
20
25
32
36
39
43
45
43
45
43
41
30
14
0
12
15
11
2
2
6
11
11
12
14
15
16
16
17
17
17
17
18
18
18
19
19
25
30
36
41
43
45
45
43
41
36
27
13
2
2
0
0
5
8
10
11
13
14
15
15
16
16
16
17
18
18
19
18
18
19
21
29
34
38
41
43
47
45
47
41
43
45
36
17
6
0
5
11
12
8
5
2
0
0
2
6
11
12
14
14
15
16
17
18
19
20
23
32
39
45
49
49
47
43
41
36
20
10
2
0
0
4
6
10
11
13
14
16
17
17


