18
18
18
19
19
19
19
19
19
19
20
20
20
24
30
36
39
41
41
38
38
36
25
16
9
5
5
8
10
11
14
15
16
17
18
18
19
19
19
19
20
20
20
20
20
20
20
20
20
20
20
20
20
20
20
20
20
25
30
34
38
38
38
38
36
36
34
32
32
30
19
11
8
4
4
5
6
10
11
13
15
16
17
18
18
18
18
19
19
19
20
20
20
20
20
24
30
34
38
38
36
36
36
34
36
36
34
34
32
32
21
14
6
2
0
2
4
5
5
8
11
12
13
14
15
16
16
17
17
18
20
26
30
34
36
36
34
36
34
36
36
36
36
34
30
25
14
5
2
2
0
0
2
5
6
9
11
12
13
14


