16
16
17
16
18
20
27
34
38
38
38
38
36
36
34
20
11
4
2
2
0
5
9
10
11
13
15
16
16
17
16
17
17
18
19
19
20
24
28
32
36
36
34
38
41
38
28
16
9
4
0
2
5
8
11
12
14
14
15
17
17
17
17
18
17
18
18
19
21
26
29
32
36
36
34
24
15
11
9
11
11
13
14
15
15
16
16
16
17
17
17
17
17
17
17
18
18
18
18
19
21
24
30
30
34
36
41
47
43
20
4
17
10
0
2
0
2
2
5
4
23
20
19
24
16
17
16
5
4
2
5
6
9
11
10
13
17
29
61
87
135
147
99
69
54
51
47
43
41
36
30
13
0
8
14
17
14
6
2
0


