2
5
8
10
11
11
11
12
13
13
14
16
24
34
45
49
51
54
53
51
47
36
14
2
9
13
11
5
0
2
5
6
9
10
11
11
12
12
13
13
14
15
19
28
34
41
45
45
45
47
45
41
29
11
0
4
6
5
0
0
4
5
8
9
11
11
12
13
13
14
14
15
16
18
23
30
36
43
45
43
43
43
36
17
5
0
4
0
0
4
8
10
10
11
11
12
12
13
14
13
14
15
15
15
15
16
17
21
29
34
36
43
45
43
43
24
8
0
2
0
4
5
9
11
11
12
12
12
13
14
14
14
15
15
14
16
16
16
16
15
16
15
15
16
17
16
16
16
16
16
16
16
16
17
16
17
17
16
17
17


