16
17
17
17
17
17
17
17
20
25
32
39
45
47
47
47
45
43
38
19
6
0
2
2
0
2
5
9
11
11
12
13
14
15
16
20
23
30
36
38
39
39
38
39
41
41
43
45
47
43
25
10
0
4
12
12
9
9
6
2
0
4
5
8
11
12
15
20
30
41
47
49
49
51
47
47
45
43
41
43
38
18
4
5
12
18
23
23
17
11
6
0
2
6
9
10
12
18
34
47
49
51
51
47
47
47
43
47
47
28
8
2
13
18
21
24
18
13
8
0
0
4
6
10
11
11
12
14
16
17
20
26
32
38
41
45
49
49
36
17
9
0
2
2
0
4
6
9
9
11
12
13
13
14
14
14
15
16
15
16


