15
15
16
17
18
20
25
28
34
41
41
30
16
11
5
5
8
9
11
12
12
13
13
15
14
16
15
15
16
17
16
17
16
16
16
16
16
15
17
16
16
16
16
16
16
16
16
17
18
20
25
32
34
41
45
45
45
47
43
36
23
11
2
2
5
2
0
4
6
8
10
11
12
13
13
13
14
13
14
15
15
16
25
30
34
39
45
45
45
45
43
38
19
6
0
6
8
4
0
2
4
5
8
10
11
11
12
13
13
14
15
18
21
28
29
30
30
30
29
30
30
32
30
20
11
4
0
0
0
2
5
8
9
10
11
12
13
13
14
15
15
16
18
21
25
28
32
32
36
39
43
41
39
21
10
2
0
2
0
2


