5
9
10
11
13
12
14
14
15
15
16
16
17
19
25
32
36
39
41
43
43
45
45
36
17
2
6
10
4
0
5
6
9
10
11
12
13
13
14
14
14
16
17
20
26
36
39
41
45
47
47
49
45
49
41
19
4
2
12
14
11
6
2
0
2
5
8
10
11
11
12
12
13
13
14
14
13
13
15
16
15
14
14
12
14
11
11
15
13
14
19
41
74
114
123
153
228
399
564
472
197
0
14
14
13
13
12
12
12
12
11
11
6
9
17
36
56
61
58
45
32
24
19
15
12
11
6
2
0
0
2
2
5
5
5
8
8
9
10
11
11
11
13
16
27
51
64
47
47
51
56
56
54
51
36
11
6
14
13
11


