5
2
0
4
5
5
6
8
10
11
11
11
11
11
12
11
12
12
12
12
12
13
13
13
13
14
14
15
16
30
39
43
53
58
61
63
61
60
66
64
60
49
12
5
18
26
21
18
13
9
5
2
0
4
6
8
8
9
10
11
11
12
14
20
32
41
47
53
58
53
51
47
39
39
32
8
5
15
20
14
11
5
2
0
2
4
5
8
9
10
10
11
12
14
20
34
43
49
51
49
51
56
49
19
2
10
14
12
9
4
0
0
2
5
6
9
10
9
11
11
11
11
12
13
15
16
19
30
36
38
39
45
51
58
39
14
2
5
10
8
2
0
2
5
6
5
8
11
11
11
11
12
13
14
18
24
30
38
43
45


