49
51
41
20
8
0
2
2
0
0
2
5
6
8
9
11
11
11
11
11
12
13
14
18
24
29
34
39
43
47
49
53
54
60
49
19
2
5
10
8
5
2
0
0
0
4
5
6
8
9
9
10
11
12
13
15
21
28
39
45
47
45
49
49
47
47
41
18
0
9
16
17
11
8
4
0
0
2
5
8
8
9
11
11
12
14
18
25
34
41
45
49
56
53
51
53
45
18
2
8
12
11
9
5
0
0
2
4
5
5
8
11
15
20
30
36
43
47
49
47
43
45
34
15
2
5
10
9
8
4
0
0
2
2
5
6
9
11
13
20
32
41
47
51
56
53
53
51
43
32
10
6
19
20
20
13
8
2
0
0


