2
4
6
8
9
10
11
14
19
30
41
47
49
51
51
53
47
32
11
0
10
12
9
5
2
0
0
2
5
8
9
10
11
13
16
25
34
41
45
49
49
56
60
49
19
2
10
12
10
5
4
0
0
0
4
6
9
10
11
11
13
17
21
28
34
38
41
45
47
49
53
47
28
9
4
11
10
10
6
4
0
2
2
5
5
9
11
11
11
13
14
16
20
27
32
36
41
45
47
41
27
12
6
0
0
0
4
5
6
8
10
11
12
12
13
15
17
24
32
36
41
47
49
49
51
54
53
45
24
4
6
11
12
8
5
2
0
4
5
8
9
10
11
11
13
15
17
25
30
36
41
43
43
47
51
53
70
79
78
43


