6
8
9
2
5
14
21
43
47
36
29
21
13
5
6
9
6
5
0
2
2
0
4
14
30
58
140
220
280
284
362
359
386
461
437
355
277
305
218
5
98
81
39
34
34
32
30
30
30
29
28
27
26
20
20
24
21
18
20
25
39
51
87
175
123
104
87
92
91
75
78
70
61
61
61
51
43
32
32
30
24
14
6
0
12
38
81
127
192
203
225
256
163
0
92
103
92
70
60
54
41
32
27
26
19
14
10
4
0
0
2
2
2
2
4
5
5
4
4
5
5
5
5
5
5
6
0
4
5
2
0
4
8
13
19
27
39
47
53
56
63
68
69
58
38
17
0
6
6
5
0
5
11
13
15
17
18
20
20
20


