21
21
21
21
23
25
28
36
43
47
53
53
53
49
36
14
0
2
0
4
9
11
13
16
17
18
20
20
21
25
32
41
49
47
49
49
45
43
41
25
12
2
0
0
0
4
5
9
11
11
13
14
15
16
16
17
17
18
18
20
24
30
38
39
43
43
43
41
45
43
39
30
15
2
2
4
5
2
0
0
0
2
2
4
4
5
5
5
5
4
2
2
4
8
10
12
10
10
13
18
16
0
17
32
45
51
58
47
36
38
34
30
20
20
18
18
14
12
8
4
0
2
9
17
19
23
26
28
27
32
34
25
8
4
12
17
17
16
11
8
5
0
0
2
4
5
8
9
10
11
11
12
14
20
25
30
38
36
38
39


