34
16
5
5
8
5
2
0
0
0
2
4
6
8
10
10
10
10
11
11
11
14
20
24
26
30
34
34
32
24
6
2
11
11
6
2
0
0
2
5
6
8
11
11
11
12
12
13
12
12
11
11
11
12
13
16
21
27
30
32
32
34
41
36
16
6
0
0
0
2
5
9
10
12
14
15
15
15
16
17
18
19
19
20
20
25
30
34
39
43
43
47
49
49
36
16
0
5
4
0
0
4
5
9
11
12
14
15
16
17
20
24
30
34
41
43
43
43
43
47
45
39
20
6
5
11
9
2
0
0
5
9
11
12
15
14
17
17
18
19
20
20
20
23
28
34
36
41
43
43
47
49
47
45
36
18
6
0
0
0


