0
2
4
0
0
2
5
11
12
11
15
16
18
19
20
17
15
15
18
17
19
20
24
36
45
60
96
114
120
153
184
167
121
47
20
63
66
58
43
26
18
4
0
5
10
16
15
15
15
15
15
18
20
17
13
10
6
5
0
5
11
16
20
28
53
88
111
128
153
151
147
147
106
18
26
53
56
49
43
34
24
20
15
6
0
0
4
9
8
8
11
12
13
14
17
15
18
21
34
36
45
54
56
60
63
54
51
60
56
49
36
10
2
11
18
20
14
11
6
2
0
0
4
6
9
11
11
11
11
12
12
12
13
14
15
19
28
36
39
45
49
49
47
45
43
41
36
13
0
11
15
12
8
2
0
2
6
9
11
12


