13
13
14
15
16
17
18
20
27
36
43
47
47
47
45
47
41
20
9
0
8
6
4
0
2
5
8
9
11
13
13
14
14
15
15
16
16
16
19
25
30
36
41
43
45
45
45
24
8
0
5
6
0
0
0
5
9
11
12
13
15
16
16
17
17
18
18
19
18
18
19
19
19
20
19
20
20
21
27
32
39
39
43
47
47
39
26
14
6
2
2
5
8
11
11
12
14
16
17
18
19
19
20
20
20
20
20
20
20
20
20
20
20
20
19
19
20
20
20
20
20
20
20
21
27
32
34
36
39
41
41
43
41
45
30
15
6
0
0
0
2
0
2
2
5
5
6
9
8
6
9
8
9
9
10
10
11
11
12
11


