11
12
12
17
24
32
36
38
39
41
43
43
41
39
36
32
29
16
5
0
6
8
11
6
5
2
0
2
5
9
11
14
16
20
32
43
45
49
51
49
47
47
43
41
41
32
19
11
0
5
4
5
2
0
4
5
9
12
14
16
19
23
32
43
53
54
53
49
51
47
43
41
34
19
11
2
2
4
8
13
11
8
6
5
4
11
20
24
17
27
15
0
5
11
10
8
5
11
12
2
9
20
36
39
39
30
36
25
24
30
11
8
29
29
23
21
23
24
20
19
16
15
28
12
2
0
8
14
6
5
8
20
18
19
24
24
20
20
18
17
17
16
8
2
0
2
0
0
2
0
2
0
0
2
0
0
8
13
0
5


