8
14
20
24
25
24
13
0
2
6
5
2
2
0
0
0
0
0
0
2
2
4
4
5
6
5
5
9
9
9
6
5
9
6
6
5
5
6
5
5
8
14
19
18
24
27
29
30
25
13
5
0
2
0
0
2
2
5
5
6
9
8
9
8
10
10
11
18
21
29
30
27
25
26
29
28
26
29
25
10
2
2
5
5
5
4
0
5
5
8
5
9
11
12
13
17
16
20
26
36
34
36
36
38
38
36
34
34
34
32
30
24
11
5
0
0
0
0
0
0
4
6
9
11
15
17
16
19
24
32
36
43
43
41
38
39
39
41
41
36
21
6
0
5
6
10
8
2
0
4
4
5
13
15
17
14
15
15
20
25


