32
41
47
39
47
45
41
41
43
38
38
29
11
4
2
4
2
6
5
5
11
11
13
14
18
15
14
15
17
17
14
16
19
24
24
34
39
43
47
47
43
28
17
11
9
4
5
11
12
9
12
17
18
19
20
19
23
20
11
12
13
18
20
20
24
26
30
32
34
36
41
36
28
18
12
11
8
8
8
10
10
12
14
15
17
20
11
10
12
14
15
15
15
20
15
17
19
23
26
30
24
21
18
24
26
30
32
29
18
12
5
0
2
8
8
5
11
12
13
14
15
17
17
17
16
17
20
19
20
21
23
24
14
20
28
28
36
38
43
43
36
43
41
39
36
26
18
11
8
5
6
9
11
11
8
14
14
12
13
15


