14
2
2
9
10
0
0
5
9
9
10
9
9
8
6
5
6
5
0
5
12
24
25
20
18
16
16
24
28
26
51
128
98
51
41
39
82
127
95
58
45
39
24
0
12
11
8
4
6
17
24
30
30
27
25
24
24
20
18
15
14
13
13
12
11
11
9
20
11
5
0
0
0
0
0
0
0
0
5
15
20
32
36
38
39
49
74
117
103
82
56
56
41
41
51
58
58
41
43
34
30
34
41
30
9
6
18
14
10
0
0
2
5
5
5
5
8
10
12
16
19
19
20
32
34
34
34
34
32
28
28
23
19
53
78
82
107
87
70
16
29
32
32
36
32
23
15
11
9
8
8
8
6
5
5
4
4
4
5
5


