19
20
20
20
21
21
23
24
24
26
30
32
34
36
38
36
39
41
39
27
5
41
96
142
138
128
120
78
69
56
61
60
30
6
10
9
11
13
16
15
11
6
2
0
0
2
2
4
5
8
10
13
18
24
69
74
75
74
73
70
73
70
69
64
51
41
36
32
30
32
32
34
36
38
36
38
39
39
41
43
45
45
47
51
56
60
61
61
58
58
51
47
47
49
45
32
25
19
12
10
36
58
65
65
58
56
63
69
66
65
61
56
56
61
54
54
56
61
65
69
70
74
74
73
70
70
65
65
56
38
26
18
9
13
17
15
17
19
19
17
15
12
9
0
6
0
8
2
11
9
2
11
25
32
39
41
39
39
21
19


