19
30
32
28
25
15
10
9
5
2
5
10
15
17
36
45
47
49
49
51
51
51
51
51
54
56
58
61
61
61
61
60
58
51
43
38
34
30
30
30
30
30
32
30
32
32
32
32
32
32
30
29
28
27
25
23
20
20
21
18
13
17
21
14
0
0
8
13
24
20
13
9
4
0
0
5
9
10
11
14
16
19
20
20
23
29
32
36
39
39
43
43
43
43
43
43
41
41
39
28
18
11
9
11
11
13
14
13
15
16
18
20
20
21
21
24
26
30
34
39
41
41
41
41
39
39
36
32
24
23
20
20
19
20
20
23
25
26
27
29
28
29
30
30
30
32
32
34
39
41
43
43
45
43
45
45
45
45
39
27


