20
16
13
15
17
16
16
17
19
19
20
20
20
20
26
36
36
38
38
39
43
43
43
43
43
43
43
43
36
28
20
13
10
8
5
2
0
11
51
64
73
53
39
30
21
17
16
13
11
11
10
11
13
20
24
29
29
27
28
25
25
23
20
20
19
20
20
23
27
30
43
60
82
49
34
30
23
17
12
20
21
18
16
15
13
12
15
19
21
20
16
28
20
19
18
18
18
17
14
13
12
11
8
5
5
0
10
12
10
2
5
9
10
11
12
13
11
13
11
11
11
5
2
9
13
25
39
39
34
32
30
32
32
27
24
12
30
30
28
29
29
30
30
30
30
29
29
28
28
28
29
29
28
26
23
19
11
11
6
32


