11
15
9
4
0
5
19
30
39
39
39
63
74
43
32
32
30
9
32
32
32
32
32
32
32
32
32
39
47
49
51
51
47
47
47
43
41
36
26
11
77
81
24
27
9
8
56
96
12
23
32
32
34
36
38
38
39
36
20
20
20
20
19
2
27
32
29
26
24
20
2
25
21
32
11
4
10
11
11
11
12
14
14
12
9
0
29
36
5
2
5
9
11
12
11
4
9
29
47
60
36
5
11
32
47
47
68
91
68
43
56
27
5
8
2
27
53
5
5
24
28
23
45
66
45
41
36
26
12
8
4
8
11
11
13
9
21
32
43
32
0
10
17
19
21
23
25
28
29
30
32
32
32
32
30
36
36
36
30
24


