17
13
11
8
5
0
2
4
0
0
4
9
20
34
28
17
12
6
9
8
27
64
74
64
16
11
38
47
86
61
43
41
43
45
64
74
73
73
73
74
74
77
75
75
77
70
73
71
60
53
51
49
47
49
51
47
43
43
43
41
38
36
34
30
27
13
6
0
5
8
0
2
0
8
2
0
21
11
26
30
30
36
38
12
20
24
23
26
20
11
16
15
10
4
0
14
18
16
8
0
0
17
28
34
47
53
56
58
60
61
61
63
61
61
61
61
64
70
87
91
91
91
91
92
94
95
95
88
91
91
81
70
61
56
53
53
53
53
54
56
56
58
61
61
63
65
65
65
65
65
68
70
74
75
75
74
73
71
70
70


