68
66
61
51
41
34
26
21
13
2
12
6
11
12
15
4
25
53
162
18
36
34
95
92
87
81
68
66
69
41
15
61
43
86
106
90
71
66
64
56
45
34
36
2
6
5
69
104
106
106
104
103
99
96
91
73
117
117
115
115
115
111
110
116
117
116
115
112
104
94
85
74
56
75
161
164
164
163
161
160
158
156
154
152
151
148
146
144
143
143
140
139
137
136
134
132
130
128
127
124
124
123
120
120
116
115
115
112
111
110
107
107
106
104
103
102
100
99
99
98
95
95
94
92
91
90
90
90
91
92
95
98
100
99
99
99
99
101
103
101
96
81
69
63
58
54
54
54
53
53
53
53
54
56
54
54
53
54
56
56


