56
60
65
70
73
74
77
78
75
77
78
74
70
78
77
116
307
705
639
497
85
60
128
124
120
107
74
60
39
49
60
51
20
27
30
34
27
32
26
23
20
4
10
15
0
15
10
0
19
29
30
30
30
30
30
30
30
32
32
29
24
16
14
14
27
28
28
29
28
27
27
27
27
25
20
21
15
9
14
79
156
162
191
238
243
245
268
310
298
268
295
300
300
338
364
326
186
0
163
258
266
225
188
170
146
130
116
92
78
71
60
54
45
32
27
24
19
19
15
13
13
12
9
0
9
10
11
12
12
11
12
13
12
15
21
63
128
173
200
202
195
198
188
198
201
196
95
30
74
82
83
66
56
49
45
43
41
32
28
24


