20
18
12
9
5
5
4
2
0
0
0
0
0
0
2
2
2
2
2
4
5
5
5
6
13
47
96
124
125
138
144
153
160
143
87
2
56
68
63
56
45
39
34
26
20
14
12
11
10
8
5
5
2
2
2
2
0
0
0
0
0
0
0
0
2
2
4
2
4
4
5
5
6
8
11
21
34
41
39
45
43
43
39
49
65
61
53
32
18
6
0
2
2
0
4
9
15
19
20
21
21
21
23
24
24
24
24
25
26
29
41
58
71
78
82
77
78
74
74
64
47
18
0
11
15
20
19
15
9
0
5
10
11
12
14
15
17
20
36
58
74
79
73
68
68
65
58
53
47
20
0
11
20
25
27
26
20
12
5
0


