4
5
8
11
14
19
34
51
65
71
64
60
58
56
51
32
8
9
18
21
23
19
15
9
2
2
5
8
11
10
11
13
17
23
36
41
47
51
54
49
24
11
2
0
0
0
0
5
5
8
8
9
10
11
12
13
14
13
14
14
14
14
15
16
15
16
16
17
16
18
17
17
18
18
18
19
25
69
74
81
86
87
78
65
60
58
56
54
56
56
56
58
56
56
56
54
56
54
53
53
53
53
53
53
56
56
56
53
53
56
56
53
47
43
43
41
41
41
41
41
41
39
41
41
41
41
41
47
58
68
71
74
74
74
74
74
78
78
74
71
74
71
64
58
28
9
2
13
16
16
12
11
4
0
2
11
19
23
36
66


