90
94
95
98
91
87
87
91
82
75
61
27
2
5
11
25
26
27
27
32
34
28
24
24
11
2
15
43
77
90
95
92
86
82
78
74
68
64
41
19
0
15
23
30
32
30
28
25
27
29
27
20
11
10
5
0
17
43
69
79
75
74
77
70
68
61
39
6
5
21
28
26
21
23
18
13
12
10
5
0
0
0
4
8
17
32
51
63
70
69
65
70
56
18
4
2
12
12
9
4
0
0
0
0
2
4
6
6
6
10
10
11
11
11
11
10
12
14
18
28
39
45
47
54
51
30
12
5
0
0
0
0
0
4
5
5
6
5
6
6
8
6
5
6
4
4
4
2
2
0
0
0
0
0
0
0
0
0
2
5


