8
8
4
0
0
0
0
0
0
0
0
0
0
0
0
0
0
2
0
0
0
2
0
0
9
16
24
24
27
29
20
4
29
49
61
117
123
123
99
11
16
17
56
21
49
65
87
124
132
88
90
81
5
32
32
27
85
18
20
30
43
45
51
85
77
71
60
54
56
49
54
53
43
65
70
56
70
87
107
137
135
131
130
134
128
123
112
99
79
65
56
45
39
36
36
36
39
43
47
49
49
51
54
58
64
77
96
107
111
114
116
111
107
102
99
88
82
56
34
19
8
5
4
8
8
11
15
19
21
23
27
30
36
43
56
71
82
91
96
95
91
90
82
82
74
45
24
10
2
5
2
0
0
2
5
6
8
10
11
13


