13
16
20
29
43
53
60
61
61
61
61
61
45
17
4
11
16
15
13
9
4
4
2
0
0
0
0
2
0
0
0
0
0
0
2
2
4
4
2
2
5
2
0
5
25
30
43
77
144
106
74
70
70
82
30
65
61
51
58
91
138
96
68
26
11
4
0
5
9
5
2
5
6
4
0
0
2
4
5
0
2
5
6
5
0
6
8
9
8
8
5
6
6
5
4
2
2
4
2
0
0
2
0
2
2
5
11
15
18
24
27
32
41
27
47
34
15
9
11
12
66
71
15
60
2
2
19
41
87
156
173
184
184
136
181
108
25
17
18
21
27
36
23
12
13
11
43
71
81
82
75
73
66
64
60
60
61
61
58
49


