125
140
138
143
153
143
137
129
87
5
54
92
120
130
125
103
99
91
78
65
56
41
34
29
21
15
11
8
0
2
2
0
0
0
0
2
0
0
0
0
0
0
2
0
0
0
0
0
0
2
0
2
2
4
5
5
2
8
9
10
11
13
15
16
17
23
28
32
36
39
43
41
49
60
83
108
45
18
9
10
14
13
13
13
12
12
17
14
12
11
12
11
11
11
11
10
8
6
5
4
2
5
2
0
4
5
12
17
27
65
41
36
4
0
0
17
41
81
99
100
65
63
65
61
58
51
43
39
45
49
43
38
34
32
21
0
11
12
11
14
14
17
16
5
5
6
11
12
14
13
11
8
5
0
6
20
36
49
56
60


