96
95
94
87
79
71
68
64
53
38
11
0
5
10
16
18
16
13
11
9
9
9
6
4
2
0
2
0
5
11
20
34
58
73
90
96
92
95
90
79
78
69
53
45
14
2
10
17
20
21
20
18
14
17
20
18
15
13
8
0
4
9
17
34
58
69
82
90
87
77
74
73
64
61
43
9
5
11
14
13
14
17
16
15
13
12
6
9
9
4
2
6
11
15
14
16
20
32
51
69
90
103
102
94
90
90
78
38
2
20
38
41
47
36
39
45
38
28
20
13
2
0
2
0
2
4
6
12
13
13
15
16
17
18
20
19
18
18
17
18
19
20
20
20
20
23
25
32
45
53
61
82
87
85
78
66
51
34
14
4


