2
0
5
6
5
0
0
8
9
11
11
13
15
15
20
19
19
20
23
30
36
49
56
65
70
73
74
71
73
58
17
0
13
20
16
17
14
10
5
4
0
5
5
6
10
11
12
14
17
16
16
18
19
20
27
47
51
58
70
75
78
82
81
77
74
69
60
30
4
8
18
26
28
29
29
30
24
24
20
12
5
0
4
11
11
11
12
13
14
18
34
54
74
85
88
95
111
101
87
75
71
65
64
65
58
21
5
20
27
29
30
32
34
34
32
28
25
15
11
5
0
5
15
36
68
86
99
107
111
124
124
114
108
94
73
19
32
82
96
99
92
81
75
66
64
49
49
47
41
34
29
21
11
4
0
0
5
10
15
29


