65
77
82
90
99
116
146
159
147
170
184
178
124
4
70
94
94
73
56
53
54
41
43
38
30
21
14
2
15
41
73
103
135
143
138
119
104
103
83
65
60
49
20
5
20
28
32
32
39
45
43
39
24
8
2
2
5
2
0
0
11
9
25
73
108
121
129
121
117
124
125
127
134
111
41
27
78
92
90
82
70
51
47
45
36
30
25
20
11
11
11
5
0
0
2
11
9
10
11
11
11
11
18
19
27
49
61
65
69
58
56
65
70
73
78
87
95
128
99
18
11
30
28
34
34
29
24
24
17
15
14
14
10
5
2
4
2
2
5
9
14
25
58
78
96
112
119
125
159
144
103
90
69
60
51
15
10
28
43
53


