56
45
45
43
34
27
16
9
6
13
17
12
10
5
0
2
5
15
39
63
79
87
87
111
135
150
173
187
187
195
159
85
10
20
39
51
60
65
65
63
64
54
56
56
51
45
38
28
14
6
15
58
96
115
125
121
117
111
99
95
82
63
60
30
17
41
51
58
58
58
58
56
51
51
49
49
45
36
32
26
18
11
6
8
47
91
128
140
137
155
178
187
195
211
188
175
176
115
11
81
117
137
153
140
111
81
58
34
34
39
43
43
45
47
41
41
39
32
21
14
8
4
2
5
5
9
10
12
36
58
74
78
78
81
77
58
60
60
61
65
36
11
43
49
41
36
32
16
15
12
10
5
2
4
5
6
9
10
11
11


