16
14
15
19
32
45
45
29
26
29
32
36
41
39
28
30
27
13
5
0
5
0
2
0
2
4
4
11
10
10
11
11
11
11
18
15
14
14
15
17
24
47
58
53
54
58
63
66
65
47
51
63
70
65
24
0
20
32
34
30
28
26
13
10
9
9
4
0
0
10
16
53
79
79
86
95
106
77
71
87
136
197
308
404
462
443
322
182
63
18
21
58
87
102
101
95
102
100
100
99
91
73
56
39
11
11
43
58
74
74
69
64
65
63
70
75
81
53
56
27
4
43
51
49
51
49
47
47
47
47
51
47
47
43
39
34
30
25
15
0
32
56
66
79
88
92
103
99
87
81
74
51
6
38
58
63
61
61
61
65


