75
78
70
56
53
45
39
32
23
13
6
5
5
19
64
127
179
220
238
236
208
203
210
225
238
227
91
49
143
187
195
192
173
140
116
101
82
68
60
53
39
34
32
30
21
17
11
4
8
14
34
81
136
167
164
123
103
111
111
111
116
90
14
41
74
78
68
60
41
39
30
26
23
25
29
16
17
12
8
5
5
0
0
4
11
24
49
79
78
61
74
87
107
139
117
81
30
20
56
64
53
36
32
29
20
13
11
0
0
0
0
2
5
8
11
11
10
11
11
11
17
14
12
12
13
13
12
17
14
12
13
15
18
28
36
39
36
38
41
47
39
34
41
43
45
36
12
0
8
11
10
6
4
5
4
2
5
6
6
8


