13
11
12
17
21
39
68
73
63
68
75
87
107
125
98
114
134
139
137
65
24
78
98
91
75
64
53
45
39
34
29
18
11
4
0
6
5
5
8
8
10
11
20
38
60
60
63
70
82
91
86
77
110
170
268
348
408
497
455
387
303
153
2
54
82
107
128
136
135
127
123
108
117
127
124
107
90
70
41
32
5
71
145
175
178
170
145
114
94
83
95
101
96
87
43
32
74
85
99
103
106
107
107
116
131
135
143
148
138
121
107
94
73
70
54
32
14
108
173
186
196
210
206
184
161
153
124
98
75
8
45
58
70
81
79
82
91
110
121
134
129
119
98
75
61
51
30
25
20
0
63
143
201
193
198
202
242
253
265
280


