244
263
282
138
11
98
146
163
171
156
124
91
68
45
28
17
9
2
0
8
15
29
29
30
36
39
41
41
49
49
58
79
120
153
153
104
95
107
119
138
146
146
103
99
96
43
8
43
38
38
32
21
11
14
17
5
2
0
5
11
14
24
25
25
24
27
27
29
34
32
32
30
32
32
32
43
45
61
82
82
79
86
70
61
71
78
83
75
32
9
2
5
2
0
0
5
6
6
8
11
13
14
24
21
21
21
23
21
21
28
24
21
23
23
23
21
28
24
20
21
24
26
32
49
43
39
41
45
54
61
58
51
58
69
70
82
103
82
61
29
9
23
29
20
14
16
13
8
4
0
8
9
8
9
11
11
12
16
17
17


