16
21
45
73
79
79
66
87
116
134
170
225
300
362
395
395
364
373
392
308
111
32
92
124
142
156
151
161
171
173
167
152
137
107
103
94
78
61
49
36
19
15
10
17
74
85
88
82
73
99
119
187
223
287
345
389
429
495
541
504
239
2
81
130
161
184
206
222
218
238
236
214
192
173
143
120
103
88
71
60
41
32
167
226
237
253
273
291
307
269
277
310
390
436
395
300
115
2
60
112
150
175
184
186
178
178
201
245
241
228
214
192
163
136
111
78
51
20
137
221
260
289
226
186
151
111
99
98
82
41
41
87
108
119
135
146
156
168
180
178
162
137
121
112
100
83
70
63
38
36
30
26
20
11
19
99
147
169
164
170


