182
192
156
160
185
215
220
214
159
12
99
161
181
178
175
143
127
117
107
92
81
68
41
38
36
30
26
21
17
10
9
10
5
4
2
0
2
5
38
77
87
99
92
58
73
86
103
124
148
107
99
81
2
61
96
99
106
110
100
83
70
58
41
38
34
29
24
21
11
12
12
11
11
10
9
0
0
4
20
36
30
30
21
12
18
20
18
2
11
9
11
14
11
11
9
9
0
2
2
2
2
2
0
4
2
0
0
2
0
5
15
20
30
34
30
32
39
41
21
19
25
39
49
58
63
32
23
4
16
30
36
30
20
20
20
17
13
11
6
2
2
2
0
0
0
2
4
2
2
10
26
51
60
49
25
26
30
36
45
56


