64
47
56
78
111
137
159
180
164
120
51
24
99
153
154
186
196
148
128
125
107
91
96
78
61
56
58
70
36
32
26
19
18
23
2
47
15
13
24
39
49
53
77
81
115
158
263
350
426
516
541
432
158
82
178
229
258
284
296
302
287
280
258
218
173
143
135
128
116
104
79
36
96
164
161
178
202
230
193
219
303
386
417
380
277
212
111
38
120
161
185
201
220
221
230
236
253
293
315
317
308
307
273
222
180
124
61
36
85
103
103
153
139
124
103
87
75
58
39
0
28
51
70
75
73
68
69
74
77
74
70
70
77
86
85
77
68
61
39
10
53
128
162
172
168
178
170
144
125
119
100
36
39
82
110
124
127
128
119
115


