115
114
110
111
100
106
104
92
77
66
74
34
6
69
159
237
280
300
287
254
243
242
234
258
251
70
128
262
313
308
302
268
253
228
196
170
147
127
103
103
99
87
78
70
58
58
68
87
119
173
115
79
81
78
68
45
9
49
111
114
95
79
78
90
90
39
36
43
11
65
115
125
139
145
137
116
106
100
88
83
78
71
70
74
49
26
19
16
12
11
6
5
5
9
5
5
8
0
4
0
20
61
115
123
69
61
70
78
85
91
64
41
47
2
68
103
102
99
103
110
110
107
107
95
82
70
64
61
56
43
43
47
86
54
21
10
0
2
41
54
58
61
78
91
90
91
92
96
103
95
70
70
73
78
87
83
63
49
38
30


