15
11
25
27
25
28
32
34
38
39
36
32
30
32
30
36
34
34
36
39
41
43
45
43
43
47
56
70
70
53
51
51
51
53
54
47
45
47
56
86
120
172
189
333
278
154
38
14
39
65
75
65
53
39
25
10
5
0
4
8
11
20
19
18
20
47
115
153
151
115
129
156
235
345
445
523
538
417
315
220
167
104
53
5
29
64
90
98
98
99
96
120
143
132
123
110
114
142
153
131
116
167
99
58
159
135
125
145
158
181
130
91
86
69
2
39
61
78
77
61
61
61
69
68
77
103
137
130
128
115
106
100
74
47
17
87
128
167
158
151
138
120
106
91
81
49
14
11
56
135
155
107
91
81
85
103
106
94
81
82


