111
82
25
43
91
108
110
119
107
103
107
104
87
69
53
26
21
17
11
0
4
12
49
91
87
95
112
138
171
163
162
202
206
245
263
253
189
95
49
41
6
36
71
108
138
144
139
132
102
83
78
78
68
60
51
28
2
20
75
82
87
104
119
91
95
144
186
218
244
233
151
79
51
5
63
117
121
128
138
135
117
108
102
78
65
61
56
43
36
25
5
8
43
82
78
95
120
147
137
144
148
176
198
189
137
49
41
12
49
99
137
128
130
134
124
104
95
78
51
41
34
20
16
91
101
91
103
124
143
175
201
203
197
200
214
208
106
61
11
51
121
171
202
220
186
169
161
145
125
110
96
63
58
65
41
16
69
61
56
63


