90
115
108
124
124
99
95
20
8
0
58
107
115
130
143
124
115
137
125
99
90
96
81
71
61
27
25
58
45
54
75
119
138
107
132
142
228
229
220
182
117
53
41
8
104
167
152
178
195
168
161
152
142
108
79
92
87
69
56
20
14
4
60
85
101
102
130
156
158
147
153
203
242
254
206
237
248
142
87
4
88
131
165
188
197
184
171
161
120
100
87
70
51
38
27
5
0
12
70
102
104
131
153
155
159
181
229
238
287
271
185
200
169
112
60
39
107
159
198
221
217
206
186
137
112
99
82
60
47
34
4
45
108
95
119
153
186
170
188
206
184
198
256
258
234
235
139
85
36
49
112
161
201
205
196
189
165
144
138
128


