108
92
73
34
23
20
19
11
5
39
82
65
85
86
96
108
145
147
128
192
170
170
205
243
212
99
51
12
101
170
203
222
222
201
175
155
120
104
103
98
82
70
58
32
26
18
23
82
71
90
99
102
127
160
218
192
217
186
188
200
107
68
23
56
111
153
171
161
146
137
111
92
86
79
64
51
45
30
24
20
18
9
8
65
85
68
74
91
115
137
154
128
111
131
169
201
220
123
45
34
5
65
91
107
114
131
144
140
128
119
99
78
74
68
53
36
9
64
64
60
73
87
108
121
115
125
173
212
200
145
87
36
15
39
92
128
146
124
114
115
111
99
91
82
58
53
49
39
29
20
5
32
70
70
78
95
119
137
103
128


