170
187
220
211
160
88
66
43
17
95
129
143
152
148
131
116
96
69
61
58
45
21
38
78
54
60
70
87
102
112
106
117
143
184
187
186
202
110
45
26
34
114
145
160
172
165
144
131
120
88
77
70
56
43
27
32
79
61
73
91
114
125
134
160
147
144
187
220
185
129
41
20
18
78
120
153
160
137
138
144
132
116
101
75
56
47
34
26
11
49
61
45
51
74
100
112
146
155
110
86
129
146
142
74
21
12
15
70
114
143
128
136
145
137
120
107
82
64
54
49
34
27
17
0
36
58
58
65
95
95
77
95
135
147
171
195
120
137
77
27
15
11
64
111
150
164
168
173
152
143
136
121
102
87
71
49
41
39
0
43


