41
56
49
60
92
94
137
162
129
146
130
131
194
160
60
11
20
83
143
178
200
202
179
177
184
180
175
182
146
119
108
102
87
77
69
58
2
0
10
5
30
71
83
90
130
173
203
201
236
233
19
24
18
51
128
192
228
223
227
221
201
184
168
150
116
103
99
87
64
60
51
20
27
24
18
49
121
142
170
189
213
234
238
280
328
256
102
81
27
0
74
137
217
289
302
289
280
265
268
246
227
170
178
184
128
92
73
63
170
167
185
195
204
191
161
182
252
302
266
307
287
201
158
130
47
38
108
160
162
150
132
107
71
54
38
15
0
14
28
51
56
99
153
152
167
202
215
193
209
256
221
213
331
305
260
252
146
95
58
8


