53
58
136
170
176
167
120
106
101
86
63
47
30
4
0
0
6
13
19
41
115
115
130
146
182
218
236
189
148
177
225
220
225
198
198
125
82
61
2
90
138
177
196
188
167
144
111
81
65
56
43
49
32
10
11
77
124
120
143
168
191
172
153
200
237
256
252
250
203
120
66
20
41
110
132
160
180
175
160
146
132
87
68
58
43
29
19
9
9
16
17
5
36
83
61
77
79
106
129
160
164
165
222
220
200
241
191
106
69
32
29
82
135
154
151
145
137
103
82
74
65
49
39
29
13
2
19
51
99
95
103
125
140
121
128
128
161
186
193
200
136
61
49
16
43
95
95
101
111
101
87
78
65
43
39
36
28
19
11
0


