12
24
41
90
98
112
128
116
110
110
135
158
195
220
176
131
70
53
32
17
49
69
83
146
162
137
110
91
82
78
64
54
39
11
56
56
63
58
79
106
95
111
143
179
191
198
56
11
17
18
20
24
63
91
100
121
136
144
144
137
98
79
70
60
60
65
36
4
34
74
79
88
110
137
169
135
156
177
194
217
238
161
86
51
19
47
112
137
137
138
139
125
115
108
79
70
64
58
45
36
2
32
47
86
106
114
142
181
160
164
191
236
275
284
228
197
225
275
230
162
111
41
32
99
132
145
151
128
99
91
83
65
49
36
11
0
8
12
20
26
32
61
102
100
107
128
170
196
187
180
194
260
326
317
355
472
531
652
573
501


