284
340
151
39
124
186
253
319
348
352
342
305
231
194
170
135
120
107
88
69
56
28
13
10
9
13
121
137
143
121
127
160
172
156
167
184
171
162
139
65
54
30
54
114
152
175
178
167
156
143
124
94
82
73
56
41
34
2
100
90
85
104
128
150
172
201
244
229
238
260
273
228
128
25
98
182
213
202
177
245
236
186
161
142
124
101
87
73
47
32
27
20
12
47
58
86
87
107
128
144
169
179
203
168
182
110
36
12
43
115
163
206
210
187
167
145
106
94
87
77
60
51
41
0
49
45
56
79
107
95
90
87
98
131
180
182
128
78
41
0
81
144
204
187
185
196
184
162
167
178
191
217
227
214
170
130
96
79
60
25


