25
34
43
61
74
75
86
111
137
161
143
85
136
60
45
36
17
87
121
120
132
120
95
119
102
70
58
53
39
28
19
0
27
64
101
91
82
92
107
102
112
127
134
160
180
235
200
135
101
81
45
17
56
95
125
124
108
95
73
45
36
34
24
13
2
8
24
43
95
107
111
131
155
124
139
138
165
176
198
228
179
119
70
53
20
34
60
73
85
63
116
125
120
91
74
70
64
53
43
36
28
19
17
8
53
49
66
86
70
71
86
96
106
139
132
110
88
65
8
47
152
220
184
176
181
156
142
129
94
85
82
77
68
60
49
30
6
41
41
47
60
68
47
26
32
49
111
226
203
107
81
51
23
24
85
101
111
124
128
120


