120
115
88
88
111
102
95
49
41
20
0
45
53
54
64
87
107
102
82
86
81
167
168
155
120
24
51
151
193
212
197
180
179
184
177
171
170
144
127
119
115
101
58
32
64
74
107
153
164
192
225
117
108
245
230
185
219
143
51
60
176
225
237
234
212
170
146
131
104
81
63
45
14
4
0
4
41
128
130
139
130
136
178
219
236
296
280
197
258
265
245
184
119
58
34
120
187
223
268
256
223
172
151
132
103
78
60
32
15
16
123
139
170
204
225
228
222
269
298
310
319
289
298
266
236
135
14
156
220
252
263
245
226
203
171
130
111
95
71
53
36
21
8
75
130
121
150
167
155
152
139
180
221
236
280
275
263
271
205
218


