135
34
100
195
271
298
266
212
192
178
170
161
145
121
106
106
91
78
69
45
45
107
107
103
108
134
177
175
161
213
95
153
102
70
15
29
140
223
273
300
298
287
263
228
184
143
127
107
92
83
70
41
36
34
26
8
87
91
96
87
116
135
164
220
223
420
698
350
125
51
9
108
169
205
227
226
204
191
178
143
129
121
108
90
78
68
45
39
36
16
56
69
79
78
103
132
156
188
212
236
220
211
176
101
47
0
70
138
186
188
175
172
153
129
123
115
101
88
75
47
34
27
20
0
64
82
49
51
70
99
121
142
153
121
155
158
196
227
143
63
34
9
49
69
104
102
83
79
96
106
91
74
41
32
29
24
14
6
0
25


