66
79
75
81
99
123
120
115
132
168
203
181
184
91
60
41
11
63
99
91
91
99
96
87
83
78
47
36
32
27
19
5
51
79
56
71
90
112
143
154
162
148
195
220
242
218
182
78
38
11
47
108
155
168
148
150
151
134
121
108
83
65
58
51
38
29
17
2
54
64
61
75
102
128
151
128
152
201
236
263
220
135
68
39
5
39
60
144
131
120
125
120
101
92
88
63
54
51
45
36
29
20
36
70
65
83
111
144
186
221
212
228
258
282
307
205
137
61
20
115
172
202
203
178
159
140
120
91
82
81
56
45
39
39
28
21
17
0
53
88
111
132
148
179
202
230
236
253
268
273
256
268
144
78
20
79
165
218
210
195


