184
160
129
107
78
51
39
32
20
10
2
15
30
91
91
104
121
153
150
162
212
213
251
260
262
193
153
85
23
73
170
194
215
227
213
188
169
134
107
91
74
60
41
36
5
53
79
87
111
130
154
191
178
201
238
192
260
262
215
120
43
5
49
103
151
198
237
236
212
184
161
120
100
91
74
56
39
24
14
73
74
90
111
124
150
142
111
165
197
226
253
293
263
194
68
17
20
82
203
228
227
221
195
178
160
123
100
92
87
74
51
36
19
18
9
29
95
92
115
125
135
167
187
213
244
254
194
132
85
63
5
87
117
132
154
169
153
130
108
69
51
39
28
11
45
121
82
85
117
144
155
210
203
200
189
107
61
28
34
73


