116
154
152
145
137
110
75
60
49
32
0
79
99
74
86
111
151
167
195
200
144
186
210
230
185
102
54
17
51
115
167
180
180
145
128
121
103
87
75
61
30
18
11
2
12
65
129
115
103
127
154
163
173
211
254
258
225
210
104
65
0
90
140
178
188
172
155
143
121
87
70
61
47
29
14
4
39
99
94
100
123
158
188
200
203
214
229
258
271
273
209
82
32
25
120
206
238
219
209
200
172
135
110
71
53
43
34
20
14
9
6
24
101
123
138
161
182
202
186
175
205
256
116
269
305
217
101
51
14
102
173
192
186
185
176
150
134
116
86
70
61
53
36
30
24
5
11
61
74
82
102
127
139
158
172
146
180
176
193
185


