241
204
142
73
43
9
61
108
144
153
146
143
117
100
95
91
78
69
60
34
23
18
13
5
36
90
87
61
63
73
94
120
150
161
144
163
184
125
70
56
23
18
56
102
124
130
128
110
107
103
78
61
51
25
18
14
11
0
36
95
58
51
60
77
101
112
120
112
143
129
74
54
47
12
32
83
110
115
112
100
68
56
49
36
25
18
0
8
54
95
90
100
120
129
128
153
156
178
220
265
227
156
144
69
41
12
39
53
123
172
159
140
128
98
81
79
75
63
53
43
17
9
11
85
85
92
116
115
107
128
153
168
205
233
192
179
83
36
29
4
64
100
124
164
163
152
139
115
90
78
69
54
36
15
91
61
63
78
79
95


