145
161
167
187
154
170
238
236
61
0
0
16
69
123
121
114
125
131
127
125
125
94
73
64
56
39
30
20
23
65
49
53
65
82
124
156
156
178
195
208
277
293
258
128
65
34
30
101
148
136
135
144
137
116
102
90
60
49
41
32
20
13
5
20
77
78
83
99
124
161
191
175
156
214
228
201
117
61
18
2
32
51
101
195
195
184
173
153
124
102
86
51
39
36
28
11
47
96
70
87
103
132
148
211
253
241
260
289
308
305
260
258
128
51
61
173
263
308
284
258
236
198
159
131
99
70
58
2
21
25
20
2
51
99
107
144
176
208
227
187
234
242
198
245
307
273
268
205
102
58
14
111
212
296
326
317
289
256
212
171


