147
127
101
82
53
20
0
5
13
91
120
125
153
156
163
191
228
180
229
273
253
242
208
120
61
43
34
115
172
214
220
205
189
177
137
127
117
99
78
68
53
26
19
12
19
98
102
127
137
134
137
120
136
168
225
198
218
226
129
92
73
43
32
107
167
194
191
181
147
111
100
94
78
61
51
28
14
4
28
108
110
119
124
111
140
152
172
233
244
219
209
205
202
115
99
53
4
82
154
196
212
204
165
154
148
134
111
94
69
45
20
53
75
71
99
130
137
155
203
209
222
221
238
120
69
56
18
61
137
137
138
150
145
132
119
107
75
63
54
45
28
19
10
13
51
98
91
103
129
147
131
142
161
169
193
197
194
104
51
36


