20
15
74
92
108
130
137
124
119
107
77
69
69
63
51
39
21
5
0
16
73
77
85
99
79
85
95
137
152
178
195
220
188
115
85
87
49
9
68
103
127
142
146
120
120
117
104
91
78
60
29
16
12
2
6
71
128
99
111
129
153
194
194
150
154
193
189
202
203
115
29
13
54
120
161
182
155
154
152
135
120
115
100
65
53
45
36
26
19
2
21
65
83
86
99
115
136
144
123
150
198
177
213
229
234
175
181
116
74
0
79
137
182
186
162
140
127
91
74
60
47
29
18
5
17
60
112
104
120
148
184
163
162
153
211
211
180
243
168
236
143
70
29
56
112
146
169
176
165
162
155
120
104
94
78
60
45
30
4
39


