95
87
98
124
148
139
155
171
197
138
186
275
246
111
68
43
19
34
82
124
161
175
167
151
134
100
92
87
71
54
41
20
20
88
87
88
103
117
143
137
173
205
215
222
198
153
85
70
47
20
96
140
171
187
191
168
143
117
70
51
39
27
12
4
24
104
95
101
124
145
161
163
154
172
203
223
228
254
275
229
101
70
17
78
165
196
220
234
220
187
160
127
83
66
53
28
15
13
8
10
12
36
79
82
95
143
186
189
187
220
237
282
229
273
291
266
182
143
108
43
71
143
200
226
222
195
176
150
104
83
68
49
32
18
5
18
21
23
24
53
132
144
128
111
99
125
128
168
214
218
206
241
293
263
286
217
116
61
18
65


