144
197
210
202
196
186
159
132
116
79
61
47
36
17
9
0
18
19
19
58
137
121
132
130
128
159
176
209
237
212
202
263
205
169
79
56
30
115
178
209
210
195
172
137
101
85
70
53
39
24
5
2
11
75
83
87
104
115
99
103
144
196
220
258
241
204
185
115
49
34
2
60
123
175
189
197
200
171
156
151
132
103
90
87
58
47
20
13
0
58
106
78
64
68
114
115
155
201
203
208
230
213
143
70
34
14
58
111
177
176
168
139
114
107
106
95
82
70
47
30
23
19
4
41
103
83
74
75
102
129
169
188
159
173
179
222
243
178
102
32
5
87
151
181
192
160
144
137
128
110
98
83
53
43
38
28
4
74
91
61


