64
63
71
106
150
178
176
153
177
167
170
112
53
20
34
94
128
147
154
132
128
125
111
95
83
63
43
36
30
19
13
5
21
74
73
82
103
135
154
146
169
173
181
226
177
186
71
29
25
10
71
129
143
142
151
159
144
130
119
87
78
70
53
30
23
15
24
79
75
87
106
142
161
187
172
194
208
219
206
186
112
41
4
81
151
180
186
180
150
146
145
134
100
87
73
43
29
24
20
0
65
103
111
110
123
144
173
195
223
250
213
148
208
265
244
300
172
86
14
82
167
212
234
237
203
197
200
187
161
145
137
99
79
65
53
36
26
16
30
78
74
87
108
153
188
212
219
239
251
245
260
258
201
119
75
32
125
198
215
193


