186
170
139
115
98
61
43
32
24
12
5
0
29
85
85
95
120
134
152
171
151
210
182
212
198
211
143
82
49
2
91
145
153
158
178
178
145
111
82
45
26
16
10
0
5
14
41
94
91
99
119
128
158
181
197
197
204
178
124
39
23
20
2
58
108
128
111
111
111
100
83
70
45
25
16
12
2
2
5
43
85
75
88
111
145
163
195
180
193
195
241
210
287
220
202
128
69
25
56
121
162
195
204
192
178
164
127
107
99
82
63
51
38
11
5
0
45
103
96
111
108
96
164
180
228
256
260
245
228
172
74
58
8
91
134
163
184
179
161
151
127
100
91
85
70
60
47
23
0
56
90
86
99
143
144
120
150
178
198
204


