217
152
131
108
58
32
34
98
128
156
176
169
154
144
120
102
92
83
65
54
39
12
5
2
5
60
111
117
132
140
164
172
189
225
200
186
182
200
244
176
135
98
36
38
128
182
211
220
196
182
179
168
140
119
102
65
49
36
21
21
103
92
70
63
69
103
136
159
170
184
195
200
112
78
53
11
61
134
168
170
164
152
121
111
99
79
65
53
30
11
87
95
102
121
159
188
167
193
227
234
248
296
262
178
128
61
17
74
147
196
227
234
215
196
180
136
115
102
87
68
56
47
18
9
14
88
88
98
111
129
136
147
165
138
192
209
260
156
144
70
38
4
65
119
163
189
194
178
165
151
111
96
86
69
53
39
21
16
82
86


