95
114
137
156
144
156
175
159
204
203
176
144
70
49
2
78
142
153
168
180
175
158
144
124
91
78
69
53
27
45
111
70
69
96
106
128
160
153
160
178
201
200
226
209
137
58
28
56
137
186
195
169
164
161
147
134
125
99
75
64
58
43
30
24
2
0
2
34
99
90
100
96
103
119
144
177
203
165
156
179
214
196
145
82
43
0
73
138
169
182
177
150
139
129
111
95
85
56
45
39
34
25
19
12
5
5
4
36
81
79
101
91
86
103
138
158
176
212
165
142
176
130
51
36
12
23
77
110
124
134
135
110
103
102
90
73
64
47
32
30
28
19
2
51
65
38
47
65
92
102
136
137
158
171
209
236
162
186
86
39


