20
20
77
125
148
140
145
150
138
124
108
78
60
51
45
30
21
15
4
8
39
86
77
88
103
123
128
130
142
182
218
191
88
32
30
14
19
65
86
85
96
106
104
99
91
60
45
32
23
9
0
5
26
65
111
119
143
171
195
162
165
195
215
237
307
289
156
124
83
56
24
107
145
170
188
187
179
167
147
106
88
78
60
45
27
13
5
36
101
95
114
154
178
186
178
201
225
246
195
250
263
313
187
107
43
54
144
192
212
226
222
202
180
161
125
102
92
85
68
58
41
23
11
85
87
94
120
159
186
198
194
226
254
289
247
342
355
298
178
91
12
87
176
217
243
252
242
221
205
171
143
130
120
99
78
65
34
12
49
91


