86
103
140
164
151
186
185
230
233
252
160
120
70
41
4
70
127
163
205
213
195
180
164
125
106
91
74
60
47
27
5
58
82
78
92
108
112
108
115
180
212
229
170
134
188
184
156
73
36
5
34
61
116
212
228
225
186
165
148
128
104
88
74
43
30
24
17
8
17
106
91
73
85
134
170
178
215
170
114
77
53
30
28
107
128
130
130
116
98
82
68
39
30
26
18
9
0
8
45
92
98
124
146
168
160
127
154
178
188
233
220
144
61
45
17
101
182
202
204
200
184
151
124
99
66
54
45
34
24
15
5
4
30
102
95
103
124
153
135
146
178
203
195
244
217
184
102
2
11
2
56
106
153
194
201
178
161
139
103
74


