63
58
41
24
13
0
16
60
111
102
117
153
170
170
171
213
245
236
265
163
134
69
53
0
65
129
154
172
188
187
163
143
121
79
65
56
45
25
11
111
88
78
99
111
124
129
134
159
184
231
245
225
179
86
34
10
99
156
167
181
176
182
184
170
144
107
49
18
29
41
34
28
20
0
18
65
65
77
99
127
121
98
100
167
195
214
260
182
263
302
248
171
90
8
95
214
287
287
269
203
169
151
123
95
81
56
32
21
18
9
2
16
99
81
86
116
139
173
211
244
220
234
275
210
227
182
86
20
65
139
176
192
185
159
158
156
142
119
99
66
49
34
28
16
11
0
70
96
102
128
164
192
227
245
220
242
291
198
234
322


