310
220
125
73
0
90
144
184
212
215
175
152
142
107
95
85
65
45
20
5
17
23
25
34
70
154
145
129
144
168
200
265
284
293
263
280
260
275
310
319
228
130
91
0
136
245
266
280
265
215
197
209
155
178
236
165
103
30
15
43
127
268
377
474
508
441
352
252
209
170
99
15
143
244
289
298
326
319
291
256
204
172
136
114
94
66
51
30
34
120
175
245
289
266
202
173
151
112
20
153
253
329
364
380
364
310
245
187
128
90
61
39
18
2
15
17
16
47
178
298
291
253
269
287
313
329
328
284
322
389
472
699
485
196
23
117
156
189
208
236
263
260
237
203
170
155
135
106
87
56
47
39
34
20
29
173
295
355
377
389


