404
378
371
361
373
371
307
167
51
168
300
348
338
311
289
260
223
192
162
128
114
103
91
75
63
41
36
34
34
27
25
18
12
91
81
73
86
99
125
176
173
110
121
78
54
5
78
108
124
128
111
94
78
60
39
32
29
20
13
8
4
11
10
6
11
21
78
144
95
94
106
124
145
161
139
91
106
110
70
58
16
39
81
103
103
95
95
85
60
54
51
41
36
32
13
5
4
5
2
0
0
5
12
18
53
101
95
103
112
92
95
115
137
128
135
128
69
38
11
61
127
153
134
123
115
102
85
74
64
38
30
29
24
20
16
11
0
17
19
17
20
19
27
69
83
70
75
87
107
127
137
120
106
143
156
185
186
119
45
34


