13
32
75
98
77
61
74
82
79
75
66
38
36
45
38
30
25
18
2
39
58
51
63
90
119
130
101
160
194
173
209
221
170
197
45
11
6
51
124
178
212
211
187
168
151
116
98
82
71
56
43
32
19
8
9
15
17
18
11
66
65
39
56
78
108
98
124
145
218
223
124
246
156
268
115
36
12
132
215
244
241
205
178
165
148
125
108
90
66
53
47
38
20
12
5
28
107
132
155
171
230
260
317
324
275
308
287
284
258
248
195
94
17
111
215
275
260
225
204
184
146
112
70
27
17
18
18
11
9
5
32
56
63
104
142
203
260
238
218
210
204
217
170
153
169
30
69
24
70
128
178
192
203
193
177
170
144
114
100
78


