56
39
25
0
11
16
14
20
85
82
61
91
134
197
269
256
250
293
380
353
275
296
260
212
107
5
128
213
242
238
209
185
175
161
137
114
98
64
58
61
64
43
32
23
14
69
140
143
162
198
233
182
153
204
231
230
238
269
192
92
78
27
65
144
186
168
164
160
143
115
96
74
45
32
24
12
0
4
10
43
125
168
179
195
217
228
187
188
179
203
273
308
286
191
90
53
20
107
193
210
195
193
184
161
143
125
99
77
65
58
43
28
19
4
15
91
123
121
146
162
196
184
184
205
220
236
266
242
129
56
41
11
94
178
204
200
191
177
148
129
114
85
74
70
66
60
61
60
49
51
21
11
45
136
137
146
137
143
137
181


