169
158
184
194
156
123
73
61
17
74
121
152
161
144
121
107
83
69
58
53
39
26
18
2
8
10
9
18
77
145
125
99
111
106
128
227
256
229
179
192
220
242
143
78
49
5
70
104
171
182
170
138
124
112
99
78
65
51
26
11
5
4
0
5
10
12
38
94
106
108
128
155
181
171
186
187
179
167
212
253
258
202
137
68
43
32
107
170
181
193
192
171
145
134
119
91
82
74
65
53
43
28
6
2
0
19
78
140
128
114
135
145
178
223
242
225
251
184
258
298
245
128
49
5
86
153
227
253
253
215
198
189
171
144
124
96
70
56
45
34
25
12
51
103
78
99
121
152
192
243
225
217
234
266
260
269
221
65
15
11


