94
178
243
239
230
226
215
191
170
152
124
103
92
87
70
60
49
39
16
11
91
83
103
135
162
143
139
142
112
143
187
154
114
20
2
45
135
205
236
235
241
242
225
212
217
192
181
177
198
114
74
60
34
29
26
2
58
61
28
60
64
77
138
176
210
233
144
161
195
226
223
111
51
15
51
111
138
167
179
161
160
158
145
128
114
87
74
65
56
41
30
23
5
13
9
24
30
116
144
150
132
142
197
236
263
265
208
194
214
158
102
77
11
81
137
178
180
164
150
130
96
85
77
65
53
43
18
0
5
9
17
58
160
158
129
144
186
210
222
191
239
213
239
262
268
204
121
95
26
58
135
170
186
191
173
143
130
120
101
85


