70
47
25
16
11
4
8
47
142
144
128
148
184
201
235
289
291
280
289
275
308
305
219
134
39
173
253
263
253
236
191
168
151
127
99
78
58
27
19
16
11
4
0
5
23
51
127
125
136
152
178
164
152
191
226
247
273
298
179
88
53
36
25
78
112
135
140
146
142
137
127
95
83
78
66
51
38
23
0
4
5
26
101
142
137
120
124
151
170
222
254
277
225
220
195
96
61
39
34
86
127
154
161
153
144
132
99
91
87
74
58
47
32
5
0
0
6
39
124
134
115
107
111
137
175
189
209
193
202
192
186
117
73
83
4
68
119
137
143
156
153
127
116
111
98
85
75
49
36
25
19
9
2
2
32
87
123
115
136
165


