195
144
114
125
180
228
228
200
83
45
30
11
64
90
88
85
143
170
148
136
110
85
73
66
51
36
26
6
9
68
102
87
88
110
136
112
104
158
222
218
221
256
204
175
139
78
27
65
121
163
187
184
170
155
143
107
95
87
75
63
56
43
15
8
77
107
96
111
137
177
129
124
164
202
243
256
286
206
170
85
45
0
77
150
179
197
206
189
172
159
151
128
119
111
98
85
71
56
32
26
24
18
2
70
136
107
91
112
139
167
187
213
191
228
239
161
146
100
56
20
124
204
225
219
209
191
156
147
138
116
98
82
58
39
32
30
23
16
2
78
74
51
63
96
117
124
215
245
245
248
277
282
278
298
263
120
65
10
91
187


