233
266
300
296
263
238
217
171
148
137
120
100
87
70
47
41
36
56
18
90
131
155
168
187
221
229
266
275
246
228
280
228
147
127
61
28
100
131
137
135
95
91
91
81
61
49
39
13
4
2
16
49
120
156
124
114
139
153
172
172
171
233
171
186
262
253
167
111
75
9
103
146
150
143
128
95
91
87
74
58
43
2
61
128
121
123
136
176
192
160
179
186
179
191
229
189
98
73
41
27
90
130
128
115
111
116
119
112
91
65
54
51
39
25
11
4
20
30
69
124
111
135
154
137
116
137
153
195
225
235
172
101
64
54
30
32
74
111
143
146
127
110
96
63
53
49
36
20
10
5
20
69
101
94
106
137
148
115
137
154


