147
228
263
210
204
229
175
85
64
51
0
91
162
193
206
203
161
145
132
115
98
79
51
32
21
17
8
2
41
104
71
68
78
65
107
129
139
144
176
209
184
234
178
68
47
26
18
65
74
69
70
96
111
117
112
81
66
60
51
34
20
30
103
78
78
83
111
159
217
220
172
258
258
293
310
253
214
170
82
18
90
192
235
256
266
258
223
186
156
107
87
74
61
45
32
16
0
2
2
9
47
127
117
99
111
134
162
201
236
273
228
239
280
307
253
250
111
45
36
150
225
253
246
212
195
181
156
130
112
85
63
53
45
30
18
16
115
90
85
111
153
186
233
230
237
234
251
229
225
238
228
115
49
43
170
256
293
287
242
218


