200
170
144
123
95
74
61
53
36
24
15
0
5
20
101
115
124
151
160
125
124
140
186
230
229
200
244
265
195
90
70
14
39
107
162
210
237
237
202
176
153
125
99
87
75
45
34
27
20
11
5
0
26
87
102
103
120
125
137
209
171
203
220
194
258
263
239
215
144
107
47
64
146
186
212
226
213
195
178
146
111
98
91
78
68
56
36
21
17
15
8
0
15
87
74
70
82
98
120
146
170
180
201
220
262
268
271
236
145
69
43
12
88
139
173
197
209
195
181
168
134
112
99
88
74
65
56
29
21
16
16
91
78
94
108
96
65
114
154
191
219
148
51
11
2
30
116
181
162
161
163
146
120
100
78
49
39
32
20
11


