2
26
88
91
99
125
160
212
228
211
242
289
253
287
317
256
280
237
119
34
86
182
242
269
273
245
215
184
135
111
98
79
63
51
30
13
8
5
0
5
38
124
92
79
103
134
134
152
185
103
74
128
115
135
6
39
74
145
217
239
233
214
173
153
145
134
115
103
87
56
47
41
29
32
92
81
64
64
87
145
177
260
227
201
119
128
178
63
39
12
53
129
173
184
181
146
111
98
87
68
56
45
14
6
2
0
20
87
137
111
104
111
138
168
211
238
215
219
235
265
293
198
127
49
58
147
184
184
180
156
130
124
120
100
83
70
36
20
11
17
99
107
110
121
102
124
155
184
217
233
143
128
87
74
61
39
32
70
91
116


