130
128
127
112
82
74
68
56
39
25
2
11
49
117
106
111
132
111
124
148
168
195
228
244
208
220
244
146
86
53
36
0
82
147
179
200
167
147
139
128
111
98
75
51
36
30
17
6
5
66
82
73
74
88
128
171
123
137
172
178
193
195
189
120
61
21
21
4
68
106
132
159
148
130
112
79
65
56
49
32
21
11
9
13
47
110
100
106
128
111
120
131
150
186
236
245
210
176
119
71
49
16
38
85
99
161
195
187
170
120
94
81
69
53
39
27
0
4
5
9
15
47
128
108
90
98
129
142
151
153
253
200
258
251
298
178
237
204
125
71
0
90
163
211
202
205
204
187
161
143
121
79
63
54
43
27
18
11
8
18


