158
175
175
120
58
13
58
95
117
131
143
132
91
2
115
135
124
217
286
248
229
194
151
151
152
159
160
143
26
208
337
344
187
144
204
237
296
476
439
357
350
329
2
54
54
54
54
54
56
23
275
320
253
34
286
426
422
342
296
275
296
268
220
189
91
60
136
137
116
77
71
104
123
138
153
156
178
180
184
173
181
164
96
43
200
263
287
302
282
238
220
195
152
47
30
91
124
125
139
153
158
179
184
143
99
74
56
34
17
0
19
25
30
71
112
202
357
420
362
289
239
231
234
212
81
18
88
145
170
212
219
202
178
131
85
47
15
4
19
26
28
28
30
32
36
36
38
39
41
41
45
45
45
45
45
45
45
47
49
49


