12
20
20
14
66
65
51
29
9
28
24
2
53
36
2
82
91
92
91
91
99
99
101
107
107
106
104
101
100
99
96
96
95
94
91
106
148
732
774
302
145
98
53
24
9
2
6
11
11
14
16
18
19
20
26
60
98
169
300
382
437
474
362
302
238
196
135
95
99
81
11
114
176
204
184
175
203
234
280
324
371
415
386
335
258
184
144
135
120
100
61
32
65
103
159
196
225
210
252
382
426
384
152
28
82
87
137
163
182
186
202
192
145
94
39
23
132
308
389
342
344
474
547
607
637
515
389
305
58
95
171
217
247
273
269
298
315
291
236
184
116
71
39
10
14
30
51
87
99
95
95
103
111
128
144
158
172
185
220
244


