36
36
36
36
34
34
34
32
32
32
32
32
32
32
34
32
32
30
30
29
30
30
29
28
28
29
29
30
30
29
29
29
29
29
29
28
25
23
24
24
23
21
20
20
20
21
21
23
23
23
23
21
36
60
129
338
479
650
713
664
373
2
200
269
180
104
61
25
47
217
305
273
243
234
220
204
203
229
235
235
243
219
171
49
60
39
38
36
34
34
38
82
160
173
213
225
194
186
235
250
238
247
308
392
212
2
165
221
273
282
275
289
326
302
305
110
29
20
18
15
16
16
16
17
16
14
16
19
15
11
12
12
13
65
143
217
289
328
319
344
317
347
317
266
254
265
253
238
241
247
236
193
99
24
64
68
65
65
64
65


