148
136
124
108
96
88
26
20
39
77
117
153
191
193
194
209
242
253
258
296
300
81
15
125
226
265
273
266
256
268
266
233
192
227
186
134
92
70
45
23
156
273
278
266
287
308
322
333
335
300
266
248
201
146
34
69
184
302
353
328
280
236
198
171
131
111
95
81
65
58
49
39
27
24
20
17
11
10
0
5
6
6
5
6
9
9
11
26
53
85
106
103
104
124
125
104
107
138
159
178
212
213
186
95
49
41
127
151
146
120
104
95
85
69
58
49
38
24
20
17
14
9
6
2
2
8
6
5
6
10
9
11
14
14
12
11
11
13
16
29
66
60
49
49
53
56
65
87
90
77
78
53
32
15
60
68
70
70
71
64


