58
58
58
51
61
73
92
87
75
77
56
51
51
56
65
73
92
101
77
107
23
32
38
45
51
49
54
54
68
70
70
69
65
65
71
66
65
64
69
68
82
115
135
158
171
170
176
43
30
39
19
41
32
86
129
184
120
0
5
86
87
73
64
63
74
78
56
47
38
39
34
30
24
20
11
11
11
11
9
5
5
13
18
21
20
27
51
61
65
68
70
87
117
153
206
245
282
277
344
335
245
115
60
16
39
69
78
78
69
53
49
43
82
137
142
100
61
51
45
39
30
25
20
13
0
0
0
0
24
21
17
20
5
12
43
54
117
171
225
250
215
235
265
243
169
127
95
20
36
45
39
34
14
5
15
19
27
69
96
108


