112
115
116
142
175
161
155
137
137
148
210
218
220
248
331
362
382
303
296
263
144
94
43
12
5
66
81
36
25
23
15
0
6
21
32
38
38
41
47
51
58
64
63
73
112
111
119
130
131
132
176
228
282
337
362
366
348
380
319
227
176
70
20
78
115
119
96
77
60
39
8
0
12
21
32
39
47
58
68
66
65
68
70
70
73
95
120
108
120
159
230
266
296
305
266
258
296
303
345
384
375
244
138
23
95
152
178
156
142
132
119
102
85
68
39
28
19
11
0
5
25
66
73
83
99
128
152
186
192
324
645
410
352
366
370
554
271
94
68
215
284
298
287
258
215
181
155
120
107
95
83
70
63
58
43
53
74
11
115
95


