87
120
110
138
184
284
275
263
258
220
128
4
117
287
355
320
271
268
266
245
203
178
155
127
110
95
79
63
53
47
38
21
21
16
8
32
95
161
209
176
168
220
347
419
422
384
331
268
217
161
2
120
229
305
340
324
289
248
209
163
148
142
155
153
144
121
99
111
111
107
78
60
100
81
68
63
23
23
34
19
11
10
6
19
74
138
173
210
184
102
39
10
75
140
181
172
171
170
164
146
136
128
110
103
124
107
100
116
95
69
43
30
27
29
23
16
0
53
66
16
5
17
26
45
75
90
87
95
128
95
30
12
8
78
125
170
212
189
175
163
143
130
117
103
26
45
49
56
63
63
61
65
69
66
65
73
68
64
63
64


