65
74
103
91
78
77
77
79
82
86
68
65
65
53
41
36
36
39
41
39
38
38
36
36
39
39
38
39
51
69
77
51
45
47
51
60
70
63
64
68
60
95
143
170
164
74
20
32
51
70
70
47
49
61
99
94
65
56
54
53
47
45
39
25
23
20
21
25
29
30
11
5
20
0
5
0
0
12
41
49
95
160
221
252
268
268
210
187
144
61
39
28
32
103
148
163
140
124
129
134
128
116
112
106
61
45
32
5
0
5
8
14
17
20
39
54
49
49
54
75
111
160
160
144
201
265
287
302
377
572
527
266
111
8
91
120
145
169
170
151
148
128
100
99
95
87
73
65
39
36
16
30
9
45
78
74
104
167
258
331


