359
371
342
322
324
352
344
228
129
51
203
280
313
300
265
234
180
152
138
125
115
114
137
130
51
23
15
13
6
2
2
43
108
85
70
85
144
163
169
201
192
210
181
151
82
47
2
81
115
99
100
107
107
90
78
64
39
30
23
19
10
5
2
45
58
43
45
58
94
153
186
165
154
181
236
245
256
194
86
39
30
20
0
73
130
102
85
82
78
70
64
53
23
13
12
9
4
0
2
15
10
11
12
36
51
82
104
88
163
329
439
527
576
645
705
743
632
530
476
362
225
2
197
320
342
326
287
247
246
247
225
202
189
156
143
130
111
91
75
65
36
0
45
43
47
81
134
167
120
38
5
6
25
86
137
51
0
11
12
20


