38
51
45
73
119
142
124
103
107
100
70
63
61
58
51
45
19
25
2
4
10
24
65
99
153
170
146
123
161
186
248
256
110
20
30
116
170
179
184
161
150
153
146
104
91
85
70
65
66
61
53
49
47
54
38
30
11
54
121
124
159
445
750
380
111
53
30
18
53
30
2
11
64
125
162
175
186
193
186
171
160
153
124
119
112
107
91
78
60
39
32
32
36
36
39
43
39
16
20
29
39
38
15
13
87
111
150
172
213
251
256
219
104
10
9
32
51
51
144
124
111
107
87
74
70
65
45
30
26
28
23
20
19
18
6
5
4
5
2
2
2
0
5
6
8
11
23
32
30
26
21
24
30
32
36
47
56
78
82
82


