81
82
65
45
36
29
16
10
6
8
9
11
51
19
12
14
11
10
9
6
5
10
9
9
11
11
15
30
27
25
25
29
34
36
53
58
73
103
143
195
186
212
173
91
32
17
5
20
23
13
10
18
74
70
61
36
29
29
27
16
11
5
5
6
6
6
10
13
34
39
25
24
27
43
87
165
219
227
253
298
317
326
355
355
366
333
242
95
78
161
209
212
194
164
143
150
146
138
115
92
73
60
41
26
19
20
70
70
100
125
121
186
250
282
302
307
298
266
265
302
227
152
26
158
265
315
302
263
226
195
154
137
124
111
92
77
63
49
25
20
16
25
53
47
60
91
99
88
121
170
187
191
177
172
155
171
162
75
17
47


