95
165
187
184
161
144
128
101
85
71
64
51
43
32
17
9
5
5
2
0
5
20
23
15
13
13
14
17
20
26
25
23
27
47
58
51
29
12
14
13
11
9
5
8
8
5
5
5
5
6
9
8
8
6
6
6
8
0
2
5
12
11
11
11
10
11
13
18
15
19
14
14
15
28
36
25
11
8
6
5
2
0
0
2
2
2
2
2
2
2
4
4
4
5
6
9
10
6
8
9
11
15
21
27
19
17
18
23
23
15
11
5
5
5
2
0
2
0
0
0
0
0
0
0
0
0
0
41
34
30
24
5
0
0
0
0
5
12
16
10
9
8
10
9
11
2
2
5
5
6
6
4
0
2
5
0
0
0
0
0


