0
2
0
0
4
5
2
0
2
5
20
65
45
15
2
9
11
13
0
0
2
5
5
0
0
5
11
19
49
47
29
30
20
16
12
5
5
4
4
2
2
2
0
0
0
0
2
6
0
17
16
19
27
41
29
20
11
11
10
8
17
12
2
2
6
11
8
5
6
8
9
6
0
38
47
5
0
2
5
2
2
2
11
18
24
10
10
30
87
152
419
571
488
107
8
152
243
260
233
184
135
101
56
24
4
6
16
36
41
39
41
61
63
70
102
142
158
195
260
338
501
670
733
800
757
652
554
136
103
170
205
250
320
380
333
251
177
124
94
60
14
131
189
242
273
311
287
263
223
213
203
222
237
103
115
252
258
284
252
245


