242
269
335
387
338
245
206
187
159
115
74
5
99
139
175
169
153
145
144
147
140
119
92
39
43
61
83
134
146
143
156
165
193
258
307
331
340
315
313
310
282
241
210
165
11
201
295
328
371
371
359
335
392
468
553
670
680
648
329
2
120
200
243
289
311
347
382
406
384
377
347
322
275
231
186
146
111
87
69
54
36
20
9
13
20
101
289
413
424
445
419
408
417
436
441
424
395
399
368
220
39
193
235
284
335
352
328
296
252
226
203
180
143
117
99
73
66
58
45
38
30
13
18
14
15
14
12
11
9
11
11
4
103
227
221
195
215
251
286
331
359
368
377
401
464
432
317
159
15
202
287
303
295
260
242
220
195
170
156
130


