19
15
11
4
9
9
18
27
23
23
24
20
20
21
21
21
25
26
24
20
19
18
17
17
18
17
18
18
18
18
18
19
21
20
19
20
20
24
36
32
27
32
45
43
30
24
12
12
11
11
11
10
11
12
16
16
16
16
16
24
24
21
21
25
30
45
53
68
49
45
49
51
75
61
39
19
11
6
5
5
4
2
10
12
11
11
11
11
10
9
11
14
16
18
17
18
17
18
18
17
18
17
17
17
17
17
15
16
16
16
16
16
15
15
15
16
16
16
18
19
19
20
19
19
19
19
20
20
23
20
19
19
21
20
20
18
18
19
20
20
20
19
18
19
19
11
0
2
4
5
20
24
21
23
21
23
23
26
29
30


