34
36
38
39
43
36
25
20
19
16
15
15
15
16
18
18
18
18
18
20
20
21
21
21
24
25
26
32
41
43
49
65
75
98
119
237
311
347
317
504
510
326
12
262
302
296
265
214
163
124
87
58
43
20
175
384
527
488
462
476
397
252
178
152
162
196
156
143
70
212
307
403
459
466
526
597
566
434
317
220
155
100
58
9
63
137
185
214
195
201
192
171
168
188
153
115
8
87
153
130
152
164
179
218
275
310
340
342
286
218
161
120
88
86
74
65
43
0
171
359
359
375
408
417
457
629
713
633
568
413
271
168
2
108
139
221
295
326
373
401
468
542
523
448
368
308
251
220
187
147
115
90
49
39
12
136
361
419
415
403


