413
428
415
437
512
577
621
551
494
277
39
169
258
352
371
377
401
387
366
320
271
226
194
148
132
110
87
65
53
24
23
16
9
0
63
137
106
111
160
225
293
313
277
298
377
441
464
485
459
364
236
28
194
266
298
303
287
253
223
189
170
163
145
124
104
91
68
64
56
43
30
21
5
9
5
5
0
2
2
19
60
169
210
202
221
220
145
138
196
333
221
65
11
18
121
180
191
170
144
116
107
91
71
53
47
21
20
14
12
6
2
0
5
4
2
2
5
6
10
11
12
24
41
36
28
24
16
15
15
16
17
17
16
15
14
14
15
15
14
14
13
13
13
13
13
14
14
15
14
14
14
15
15
16
15
15
15
15
15
15


