16
16
19
20
19
19
20
20
25
24
24
27
32
36
47
53
28
24
23
20
19
16
17
17
16
15
16
14
15
17
17
17
16
16
16
17
18
17
17
17
17
17
19
18
17
17
17
17
18
18
18
20
21
25
25
23
24
28
45
61
69
51
27
23
14
10
8
11
14
14
14
13
13
12
14
15
15
14
14
14
16
17
18
18
20
24
32
29
30
58
85
132
177
184
170
201
251
227
139
82
25
53
98
107
120
124
106
95
85
68
53
43
20
14
11
11
6
5
0
17
11
11
16
58
160
284
344
359
384
432
415
455
544
642
614
618
468
153
138
278
324
340
345
300
253
223
181
162
170
172
160
140
119
87
77
66
43
14
21
96


