153
152
179
253
277
295
287
161
338
417
329
104
198
344
366
348
293
263
225
193
153
125
103
88
70
60
51
6
29
16
36
107
198
243
229
197
291
273
302
557
488
415
322
200
11
189
319
380
390
373
331
305
268
237
193
156
128
99
75
70
51
2
10
0
0
2
11
107
61
79
121
155
203
214
198
169
195
171
108
6
132
193
220
220
210
182
154
129
87
73
61
53
43
34
26
14
6
6
8
0
27
36
19
10
5
6
6
5
5
5
4
8
10
11
8
5
5
2
0
2
0
0
11
14
11
8
9
8
8
8
8
8
9
9
10
9
10
9
8
8
9
9
9
8
8
9
9
9
8
8
8
8
8
9
9
6
6
5
5
5


