5
5
6
6
10
8
10
13
19
8
32
25
11
5
61
120
58
30
2
10
6
11
0
47
49
51
58
66
69
70
71
71
71
73
79
86
86
104
144
143
165
164
233
303
219
182
108
88
65
26
20
41
41
38
21
11
0
27
34
34
36
39
39
47
51
53
61
60
60
63
70
61
82
160
322
411
417
395
389
305
180
137
98
11
60
103
137
165
160
146
124
71
39
24
15
6
0
9
54
38
41
69
104
161
223
236
247
254
315
382
333
311
413
366
186
140
289
315
286
228
195
172
150
119
95
73
45
28
20
18
9
2
0
5
32
34
30
34
51
142
244
231
212
222
293
289
315
235
236
227
120
49
95
246
275
258
230
203
163
127


