101
60
36
5
58
47
43
53
61
43
43
99
124
107
152
177
156
79
47
2
77
155
186
172
150
127
99
75
56
27
16
11
8
2
0
2
15
30
30
27
29
38
63
87
77
100
129
195
239
228
189
214
197
110
53
83
165
176
159
136
103
78
61
32
20
13
9
0
0
5
17
30
34
32
41
58
82
90
69
101
92
111
195
196
130
53
32
9
17
23
10
0
0
0
28
70
66
36
21
19
17
11
8
4
8
11
21
27
26
27
30
27
29
36
41
43
39
41
30
34
34
28
30
24
15
12
12
11
12
11
10
11
13
12
11
11
10
11
11
11
11
13
11
8
25
58
58
56
53
51
49
51
53
49
51
53
47
51
54
58


