58
58
65
61
78
82
74
78
88
95
69
64
66
77
88
87
77
49
53
60
43
56
99
106
73
24
20
25
11
14
16
9
6
6
6
5
0
0
32
38
36
36
38
45
49
47
53
87
115
142
152
165
150
132
91
81
71
30
16
30
34
34
34
34
18
23
9
18
18
23
26
27
30
41
43
45
58
56
61
70
83
82
99
136
241
280
273
282
178
71
32
25
5
20
87
60
56
58
49
39
30
10
8
11
11
11
11
10
32
38
32
32
47
63
98
144
200
155
162
222
335
441
483
331
212
47
220
291
263
227
171
146
128
98
45
36
20
19
34
32
34
43
45
49
74
65
61
61
65
78
81
104
115
144
277
352
366
395
368
364


