262
268
151
16
186
243
204
169
137
110
78
53
32
5
0
4
6
12
13
17
21
30
36
43
36
34
34
34
36
34
32
32
34
36
36
39
148
147
115
112
69
61
38
0
13
14
15
12
5
0
4
14
17
16
16
16
14
16
20
21
24
32
32
36
41
38
39
43
66
79
108
115
99
87
58
36
5
18
4
4
5
5
5
4
4
11
12
11
11
11
11
15
26
27
30
36
56
86
81
66
79
108
164
154
136
160
158
99
45
26
143
155
136
110
103
77
49
34
12
2
0
4
30
32
36
49
60
53
51
49
49
49
49
49
47
45
45
45
43
43
43
43
43
45
45
43
43
41
41
41
39
39
39
39
38
38
38
39
39
38


