38
38
38
36
38
36
36
36
36
36
36
34
34
34
34
32
32
32
32
32
32
32
30
30
30
30
30
30
30
30
30
29
29
27
23
16
5
9
6
5
4
2
0
0
0
0
0
0
0
2
2
2
2
2
2
2
4
5
5
6
6
6
9
14
10
9
11
12
15
13
32
24
21
32
21
16
12
5
4
5
5
5
5
4
4
5
6
6
6
6
6
6
11
11
11
11
12
14
21
18
15
14
12
15
12
10
10
11
11
10
10
10
9
11
11
11
12
13
13
14
15
14
14
16
18
20
21
30
53
39
60
53
32
24
11
5
8
9
8
9
8
8
8
10
11
11
11
11
10
11
10
11
12
12
14
17
17
19
23
20


