27
103
238
352
284
201
120
92
43
47
146
237
91
24
79
258
302
254
194
148
112
66
45
34
29
20
14
8
0
10
11
8
6
8
8
14
56
47
65
225
424
432
397
490
800
800
800
800
645
457
307
277
250
243
176
86
74
233
289
373
534
537
377
277
250
386
492
366
300
244
239
201
165
5
165
265
282
271
244
238
245
265
266
66
94
116
176
203
186
192
300
282
335
415
413
347
256
194
160
124
82
34
65
180
252
277
277
286
258
278
296
260
189
2
86
152
182
203
233
235
229
225
242
266
275
289
315
307
322
303
254
214
176
136
131
115
88
61
36
10
18
129
366
499
606
737
786
751
594
419
355
352
295
181
2
73
117
146
169
191


