225
220
208
222
222
238
231
204
181
179
156
168
173
153
124
102
65
54
41
24
9
2
25
39
41
41
51
56
60
79
168
375
446
479
530
478
455
558
638
656
800
800
733
695
357
36
61
114
156
227
277
284
280
258
256
254
231
205
189
169
144
124
111
94
83
70
58
58
56
41
34
26
0
2
0
2
5
10
20
24
78
254
324
319
362
340
348
426
531
504
516
552
579
699
733
520
277
78
65
162
247
302
324
322
333
328
303
277
253
226
192
177
159
129
108
94
63
61
60
51
45
38
27
12
15
15
11
9
5
0
5
6
66
177
180
227
291
289
366
472
548
512
512
520
571
544
453
448
394
233
70
91
197
275
320
331
310
311
307
280


