99
19
56
87
32
5
10
11
34
115
124
115
106
95
49
30
32
32
32
30
28
11
6
8
8
8
12
99
187
142
56
45
5
0
0
0
0
34
56
49
43
39
34
14
2
2
2
11
11
12
12
11
12
12
13
16
25
30
12
18
17
17
28
25
14
6
5
5
5
5
5
5
10
11
11
11
10
11
15
14
14
16
20
28
69
43
65
71
144
287
331
342
206
211
125
74
6
102
170
188
175
158
137
111
91
73
53
25
15
16
15
11
10
20
21
15
18
32
53
64
94
164
311
384
322
377
471
384
390
450
495
310
19
203
293
324
324
305
275
236
206
172
115
83
69
63
60
66
91
83
9
58
178
187
221
411
613
695
687
568


