513
561
446
432
527
344
139
324
384
426
474
512
571
618
608
519
468
415
347
284
228
177
139
115
65
107
179
226
233
196
218
319
347
310
406
485
362
386
516
492
34
266
389
432
453
446
415
366
329
282
253
228
180
150
139
119
70
20
111
155
263
342
355
430
302
432
420
622
800
800
800
662
315
61
217
295
320
366
432
445
413
368
317
273
237
202
162
131
111
74
66
51
41
17
71
120
152
247
329
413
587
437
492
800
800
685
579
488
448
177
205
352
357
368
382
352
370
371
338
293
263
219
195
171
152
130
110
91
70
66
58
5
218
457
499
483
424
415
429
448
662
607
562
587
674
681
461
8
256
373
448
486
494
472
446
419
389
340
298
262


