213
175
138
115
116
119
92
81
82
79
60
43
236
247
237
266
291
268
470
437
504
569
800
645
479
452
344
119
212
337
357
364
352
347
355
340
324
315
295
287
266
246
218
191
161
130
123
112
99
87
75
60
53
51
51
43
28
41
78
49
111
258
329
328
324
307
308
340
390
474
452
506
582
387
234
47
220
303
347
380
389
373
324
289
280
250
227
195
163
137
120
100
90
85
79
71
65
60
47
45
41
43
36
34
30
23
21
21
24
21
20
19
15
13
10
13
15
9
8
8
5
4
2
10
12
49
66
115
142
88
32
8
0
18
24
25
24
26
92
73
45
39
41
39
38
34
16
11
11
12
12
12
12
4
2
2
2
2
0
9


