2
2
2
2
4
5
10
12
27
81
96
112
193
169
54
13
5
4
13
16
11
5
5
6
51
47
43
17
10
10
11
9
10
9
0
0
0
0
0
0
0
8
6
8
6
8
8
8
8
8
9
9
11
12
19
20
12
10
10
11
10
10
10
10
9
10
9
10
10
10
11
11
11
10
11
11
11
11
11
12
11
12
12
13
15
20
41
63
58
51
20
11
11
10
9
8
8
10
11
10
10
11
10
10
11
11
11
11
11
13
14
13
13
15
15
18
24
13
41
32
20
70
82
71
58
21
11
4
0
0
0
0
6
10
20
18
16
17
14
0
8
6
6
16
18
27
49
61
108
158
222
248
295
212
94
74
70
43
16
20


