82
169
158
148
127
102
82
60
28
11
14
12
0
20
20
25
36
104
302
364
342
335
226
212
211
280
373
468
513
378
145
179
373
413
387
342
302
273
243
197
158
127
94
60
38
0
11
8
12
28
83
63
25
163
195
333
757
800
800
800
800
718
245
266
426
448
426
375
326
298
263
212
186
161
140
114
30
164
262
230
230
220
246
326
461
642
747
663
472
387
328
69
200
322
404
471
510
526
558
548
506
445
380
329
289
236
201
171
144
100
45
278
490
555
513
389
380
386
326
293
237
144
99
244
331
387
446
523
607
608
552
474
410
362
308
253
206
167
115
99
79
60
32
74
265
236
238
320
432
501
490
552
663
718
800
725
370
26
265
342


