399
408
390
366
373
333
298
269
235
188
148
117
85
64
49
13
106
162
184
228
296
311
355
478
516
590
579
501
551
516
395
236
10
233
350
386
377
357
315
300
277
247
217
192
171
131
120
101
88
71
60
45
26
21
17
12
49
147
163
206
227
277
322
340
395
470
481
501
501
481
542
483
308
184
111
275
361
386
373
355
317
296
280
262
230
206
184
148
128
111
99
81
69
58
43
29
27
27
23
19
18
14
4
6
5
0
41
49
49
58
41
56
121
226
243
236
245
245
168
20
15
0
61
90
87
73
70
61
144
146
100
85
77
65
56
47
32
20
18
19
15
13
10
0
2
0
2
0
0
2
29
15
12
23
92
202
268
258
246
243


