218
194
168
107
4
13
24
30
32
29
144
161
150
131
110
94
71
43
34
34
29
26
23
12
6
5
8
5
5
4
0
2
2
0
0
0
0
0
8
9
14
11
11
12
15
18
19
39
102
184
258
258
266
195
124
32
6
2
10
18
16
32
98
94
85
61
32
29
32
30
28
25
9
5
5
5
4
9
14
6
6
9
12
26
71
131
134
154
194
222
208
219
193
73
6
9
14
19
15
16
120
129
116
107
82
49
43
45
41
36
34
18
8
6
9
9
9
8
0
2
4
11
9
9
9
10
10
11
15
99
192
250
228
139
128
108
243
313
74
4
0
11
36
26
144
158
128
116
107
91
73
56
24
14
14
13
12
11
4
0


