2
0
11
11
11
10
10
10
17
47
111
177
185
150
47
78
90
71
27
0
0
4
5
6
9
5
0
63
78
65
56
41
14
10
11
11
10
10
11
10
10
11
11
17
65
106
78
120
148
146
139
138
75
16
0
0
5
8
4
2
2
2
2
2
2
0
0
0
14
123
134
86
53
38
29
20
18
13
4
5
8
6
20
17
16
18
16
16
17
17
18
32
271
193
47
12
6
8
8
6
8
6
8
8
9
9
9
9
10
10
10
23
38
29
34
70
87
112
154
49
15
10
6
11
74
144
96
60
47
32
25
20
5
6
10
8
11
16
17
18
17
19
21
28
38
30
104
60
61
131
221
150
178
176
63
16
10
10
21
19


