352
173
162
75
45
130
228
303
345
357
380
375
344
298
253
212
155
132
107
82
58
34
8
0
5
19
120
275
278
228
282
362
512
618
702
692
695
670
466
136
23
100
175
227
291
338
342
352
326
308
284
247
205
170
139
99
87
68
49
30
20
11
11
8
11
14
34
144
277
231
195
214
253
277
359
382
392
401
411
436
464
410
263
128
8
165
237
258
246
234
215
215
201
184
162
143
117
102
104
100
79
64
51
32
23
19
17
11
9
4
2
5
2
2
5
9
11
18
45
63
53
63
91
132
192
241
231
226
260
335
308
254
284
268
138
71
19
94
99
70
193
201
178
153
132
127
120
102
87
73
47
47
41
38
29
25
20
8
11
11


