11
8
8
5
2
0
0
2
0
0
0
5
4
2
0
2
2
0
2
8
5
2
2
4
2
4
9
5
5
4
5
5
5
5
10
6
5
4
5
4
5
11
12
16
13
11
12
15
16
9
8
8
6
5
2
2
4
4
2
4
4
4
5
5
5
5
5
6
6
9
9
9
10
10
10
10
11
11
11
13
15
16
17
15
15
17
18
20
24
20
18
16
41
45
41
45
21
14
12
11
9
8
9
11
11
11
11
10
10
12
13
13
13
13
13
13
14
15
14
15
15
15
15
16
17
18
20
20
21
23
24
23
24
30
36
107
150
265
193
220
287
256
293
302
120
49
56
2
53
99
119
120
124
119
101
87
74
49
39
32


