26
19
14
11
0
0
0
0
0
2
21
32
13
11
16
32
30
60
99
142
92
38
8
5
2
0
0
0
0
0
0
0
0
2
4
4
4
4
11
47
163
81
26
135
326
256
61
5
25
82
135
129
110
92
75
39
25
25
24
20
19
6
18
8
6
8
10
17
26
25
21
25
32
32
49
73
51
16
0
5
9
10
9
0
0
0
0
0
0
0
2
4
10
11
13
16
19
20
32
41
74
87
82
134
137
164
173
82
53
2
28
87
128
121
110
95
47
34
34
34
32
29
23
9
5
6
5
13
20
30
18
18
34
47
66
111
101
60
63
69
70
140
211
154
91
16
16
39
45
34
19
98
120
103
88
82
41
27
27
27


