25
26
25
4
2
8
19
20
25
36
34
30
27
41
30
115
91
41
112
154
137
205
77
34
56
96
91
74
65
54
15
5
5
5
5
5
4
10
10
9
23
24
25
21
21
28
41
74
74
145
545
736
800
800
618
569
535
645
335
104
302
384
404
426
419
371
337
295
245
214
179
144
86
28
78
43
18
63
142
231
311
380
479
519
506
590
524
548
552
34
366
419
437
459
424
386
352
310
268
229
193
147
134
115
101
60
65
189
202
160
182
273
337
410
415
488
611
800
582
91
178
352
434
455
439
410
361
315
273
223
188
161
136
53
147
348
397
439
538
621
656
663
645
582
459
282
19
182
268
315
395
430
450
494
575
638
600
512
424
347


