277
241
206
173
135
39
191
320
355
366
380
466
542
642
800
733
576
143
88
193
287
340
361
404
436
434
424
397
355
307
253
210
180
153
120
86
20
214
260
227
245
333
410
406
406
474
572
455
459
441
413
342
221
61
229
293
342
387
390
382
382
364
317
302
284
244
220
203
167
148
125
100
78
61
32
20
27
49
91
197
305
300
277
277
247
280
278
227
195
206
320
436
322
128
2
197
277
326
348
310
203
202
256
246
182
144
123
112
107
98
85
63
45
39
36
29
20
15
0
47
79
128
144
195
244
225
228
366
401
417
390
357
375
251
144
24
95
212
313
320
271
228
184
124
78
51
43
74
70
49
87
103
88
78
69
39
34
32
29
21


