18
11
8
11
21
27
26
41
64
65
81
139
210
182
213
156
49
14
2
8
30
29
20
19
19
20
87
132
81
65
65
60
53
47
27
20
19
19
16
14
11
0
0
0
0
0
0
0
4
5
13
15
15
19
28
28
51
144
222
298
293
265
219
186
213
201
94
9
18
21
27
78
177
168
123
107
102
90
78
70
45
38
34
32
28
29
21
5
5
5
4
2
0
19
15
12
13
16
20
56
92
144
220
251
282
268
280
217
104
17
2
6
21
21
17
18
130
161
144
124
78
65
61
56
51
43
28
15
13
18
12
11
11
5
2
2
5
5
2
0
5
14
13
9
8
11
17
20
23
34
54
39
96
115
32
9
8
9
9
10


