11
11
11
11
12
17
6
0
4
2
0
0
2
8
9
9
11
11
11
15
14
13
12
11
16
16
16
17
18
19
19
19
19
20
21
23
23
21
20
19
19
19
19
19
20
20
20
20
20
20
21
21
23
23
20
20
23
24
26
27
27
30
20
17
16
16
15
14
13
14
13
14
13
14
14
15
14
16
18
18
16
16
17
17
17
18
17
17
18
21
20
26
81
30
16
15
16
15
15
16
16
17
16
16
17
17
21
23
23
24
21
21
23
23
23
21
23
23
24
23
24
23
23
25
30
28
41
23
58
34
25
23
19
20
20
19
20
19
19
18
19
20
20
20
20
20
20
20
19
18
18
19
20
21
28
20
20
41
78
98


