271
229
152
95
95
63
0
73
60
20
12
9
6
6
8
0
5
4
0
2
2
0
2
8
10
13
15
19
36
70
73
54
39
78
209
239
184
131
13
2
0
0
2
4
0
0
0
0
0
0
0
0
2
2
2
0
0
2
12
12
13
23
53
115
176
181
104
53
108
134
111
186
202
137
28
5
13
23
139
355
289
219
178
139
111
88
61
21
11
12
23
27
25
41
63
159
397
497
645
726
800
800
629
291
88
394
459
359
291
324
357
329
331
263
248
180
151
108
4
2
2
2
2
2
5
6
161
392
406
406
413
364
271
253
212
170
104
4
95
120
144
161
153
153
162
143
107
117
185
215
194
165
147
123
100
66
14
98
164
162


