153
132
137
153
128
103
90
70
2
86
136
152
139
140
129
112
138
161
188
195
188
176
165
148
121
83
49
41
28
20
103
143
151
163
144
120
112
111
95
107
94
53
36
90
99
114
146
177
198
231
236
245
236
206
176
145
127
111
91
63
41
16
10
0
53
282
462
497
526
538
667
778
729
538
397
322
235
61
101
185
246
324
362
384
411
424
408
417
395
344
300
258
203
179
148
119
91
66
41
20
13
5
5
13
23
39
39
54
186
357
404
439
466
439
446
472
472
494
530
492
479
499
386
262
49
143
229
282
311
307
302
293
248
226
214
193
165
144
115
99
83
68
58
51
39
18
15
10
9
0
2
6
18
14
15
27
146
250
239
242


