15
13
13
11
11
0
20
16
13
13
18
29
82
268
320
389
485
788
800
800
632
350
64
106
234
333
389
384
395
359
331
296
258
209
177
155
137
112
58
99
196
201
179
172
217
263
172
162
186
235
352
461
621
800
800
522
253
81
286
324
347
357
380
404
417
430
419
364
331
296
256
212
178
150
110
92
34
121
258
269
295
307
322
333
344
340
324
342
430
437
422
296
151
114
338
470
508
481
426
368
322
284
236
203
179
156
128
107
90
73
49
45
39
32
13
73
201
200
184
205
238
329
390
408
387
300
266
331
411
289
147
60
90
265
357
371
352
317
282
258
231
198
165
143
103
90
73
64
51
41
34
15
16
13
12
8
5
5
36
20


