20
38
60
112
245
236
245
245
262
282
315
317
345
215
115
28
108
186
219
223
213
186
159
139
103
99
91
83
71
63
54
32
30
28
25
19
15
11
0
4
4
5
0
2
0
5
2
2
0
2
2
8
45
23
14
16
30
60
116
143
146
215
256
296
305
228
86
0
8
32
70
87
92
70
38
34
73
108
92
78
45
32
30
29
24
20
14
6
5
6
5
5
5
0
0
0
0
0
4
17
13
11
11
20
68
140
188
182
256
275
335
305
227
65
0
5
26
60
68
53
29
124
135
111
96
82
61
54
53
43
36
30
16
10
10
11
6
5
4
5
5
5
11
20
66
131
119
110
146
269
389
401
377
362
395
366
189
116
5
91


