153
202
225
223
209
191
152
124
102
87
82
86
86
47
38
45
45
39
32
21
8
4
2
4
6
11
29
45
127
227
317
362
352
344
335
322
298
371
443
269
49
36
56
56
54
53
53
51
87
140
162
181
176
204
197
143
124
155
169
158
143
130
111
81
70
65
58
49
43
34
20
17
15
16
13
11
11
11
0
0
13
6
2
0
2
18
10
30
99
170
357
389
340
282
273
193
73
12
2
27
47
58
54
53
53
91
124
120
117
107
100
91
61
53
51
47
45
43
32
26
25
27
26
26
16
8
11
14
14
20
43
65
66
142
156
178
260
273
305
386
308
176
115
81
45
139
184
197
184
161
144
114
101
91
86
69
60
53
32
34


