29
26
24
24
19
12
2
36
54
41
56
88
73
120
252
549
595
307
177
131
54
9
26
69
106
102
180
215
211
195
173
124
103
98
91
85
79
69
49
47
49
49
51
53
53
47
56
24
20
2
0
10
79
137
120
177
263
329
320
303
329
238
128
79
49
170
252
305
266
229
211
193
153
137
121
111
98
87
71
49
45
49
65
56
34
8
14
19
17
26
83
196
172
250
331
375
476
586
800
800
289
73
99
221
300
322
286
258
228
197
168
144
104
82
74
74
63
53
39
16
5
16
45
70
127
236
241
225
280
419
481
587
566
277
63
158
248
298
271
260
253
225
195
175
137
117
104
96
82
70
47
2
87
120
101
82
100
104
111
172


