91
91
260
392
466
571
429
226
78
156
286
366
389
362
324
295
256
225
203
186
161
144
128
103
86
77
73
65
56
53
43
51
111
101
143
260
355
313
335
362
359
429
470
468
497
519
455
303
115
117
245
302
331
344
335
311
291
271
227
219
201
181
160
146
129
90
75
71
70
61
56
51
30
29
28
27
14
28
64
45
51
104
139
226
300
322
350
357
364
399
403
446
426
275
132
45
101
200
263
287
303
311
302
268
247
225
181
170
153
134
110
98
90
56
47
41
41
34
32
30
16
17
16
18
15
15
2
18
0
2
0
16
30
69
156
145
150
114
137
159
117
106
27
12
11
14
30
43
53
58
60
61
65
53
45
49
51
53
56
54


