41
38
39
39
43
110
87
61
53
45
21
5
5
2
8
0
14
47
127
220
189
172
153
162
193
161
95
9
4
32
82
131
163
153
147
154
139
120
94
56
56
58
58
51
45
29
23
20
20
19
16
14
5
8
6
11
23
30
74
91
154
210
204
220
302
352
357
422
618
800
474
173
15
71
159
159
123
225
158
186
284
244
241
188
167
162
159
155
153
132
102
36
95
178
212
185
153
143
99
60
61
66
56
17
100
147
182
228
258
282
319
333
335
331
308
277
251
210
178
155
121
104
90
69
49
30
30
120
125
142
191
237
319
338
287
300
347
382
494
767
717
424
144
18
104
170
265
361
448
483
466
426
362
256
211
186
163
137
119
102


