36
19
34
51
45
32
11
8
8
8
8
78
58
29
18
13
10
6
5
5
8
9
29
36
41
58
91
111
208
344
382
495
548
712
800
800
671
417
153
10
156
291
401
437
397
338
296
235
198
171
147
123
106
92
64
49
14
45
110
211
265
236
178
205
203
437
726
775
683
621
591
417
150
74
189
277
399
499
530
544
562
589
576
533
472
389
317
268
222
177
144
36
151
191
221
239
236
280
313
452
504
747
800
800
621
596
300
53
125
241
302
313
366
404
429
461
499
494
494
461
389
328
282
220
179
145
36
111
138
170
184
244
331
364
380
462
545
732
800
800
701
481
192
21
142
246
319
373
426
468
495
492
452
404
361
317
265
243
222
194


