45
159
132
112
95
163
271
448
529
670
800
800
432
239
70
111
185
223
248
254
242
219
197
169
135
111
99
81
68
60
39
25
23
25
24
5
6
36
26
16
99
253
262
245
333
439
494
800
800
800
800
800
761
446
58
153
244
307
364
426
479
495
472
419
368
329
286
236
208
186
161
142
128
111
95
61
2
29
94
170
254
212
251
362
333
530
776
800
607
329
47
65
161
278
329
375
436
476
492
499
464
399
347
300
243
204
171
144
75
36
43
61
87
223
282
289
295
499
726
800
800
716
606
313
124
16
30
155
245
357
419
457
499
506
506
497
466
410
333
282
251
219
188
163
115
47
39
107
220
410
547
462
394
333
295
251
221
234
82
111


