415
373
329
287
239
208
180
159
134
115
99
74
61
51
24
58
53
64
87
127
194
254
265
195
260
338
256
177
173
74
98
0
124
219
271
265
228
197
181
158
159
155
142
120
104
87
61
53
47
41
32
6
96
158
70
51
71
82
112
203
188
169
186
186
145
115
90
4
18
85
139
162
167
144
120
111
111
98
88
82
61
51
47
49
45
39
32
6
20
10
11
20
49
139
196
162
189
158
131
167
180
142
30
13
5
53
107
136
130
136
144
139
134
120
95
78
71
70
56
47
41
25
20
19
20
19
19
17
10
5
4
16
11
13
20
36
24
56
107
151
177
179
111
85
129
60
20
5
0
13
27
43
47
45
47
34
26
70
95
92


