87
78
49
41
41
38
34
32
26
15
11
14
2
18
14
13
4
2
8
18
30
53
112
114
139
147
170
135
94
39
8
19
20
23
30
38
79
56
53
64
69
70
74
73
45
32
36
38
36
36
32
27
11
5
4
15
19
30
60
129
160
167
181
184
180
151
94
39
0
6
20
32
34
36
30
14
13
16
92
102
99
90
58
49
51
43
36
27
2
23
13
14
26
65
117
180
186
181
161
182
217
228
289
293
291
278
186
132
29
116
209
265
289
275
254
222
165
130
110
102
87
74
53
34
21
15
2
5
10
15
32
47
106
184
340
328
201
252
245
291
397
459
561
776
701
485
187
10
51
111
189
284
333
361
375
350
311
282
254
226


