191
145
120
47
124
278
317
331
347
296
231
203
137
82
61
71
203
317
417
466
464
452
428
397
370
322
262
225
201
170
139
114
82
63
49
36
19
164
247
256
238
275
317
342
335
355
389
397
377
364
366
277
163
12
186
296
353
350
311
271
236
191
176
160
142
116
103
90
73
53
45
41
32
23
18
10
0
6
10
23
86
110
111
140
178
165
203
253
239
227
243
295
268
124
95
10
71
124
148
134
135
138
124
104
96
82
65
58
58
51
45
39
21
12
6
2
21
68
66
86
78
79
124
182
228
284
277
230
217
154
88
32
70
132
152
145
134
108
103
98
73
58
51
53
41
34
26
18
0
0
0
0
0
0
0
5
11
10
8
8


