8
5
8
13
13
15
24
27
25
30
45
53
66
120
213
213
234
245
238
169
137
68
29
14
6
21
27
32
34
32
36
39
24
14
54
61
56
56
53
27
15
16
16
13
14
13
2
0
0
5
19
32
36
25
20
29
41
99
131
145
125
125
99
39
19
11
2
0
2
2
5
5
5
0
0
20
41
45
45
32
16
14
15
15
15
13
0
11
12
12
12
15
28
47
65
102
162
186
202
189
160
77
12
19
14
11
0
2
5
4
2
23
36
45
17
13
20
24
29
32
34
10
0
9
24
24
28
45
70
90
158
186
236
268
296
289
263
258
338
342
242
143
12
100
214
268
277
268
228
192
170
154
131
115
100
70
49
39
36
29


