25
20
13
2
10
21
17
20
51
173
208
185
187
201
241
260
353
352
326
315
243
225
134
74
60
162
236
275
268
250
237
214
179
156
135
114
101
91
74
43
30
30
28
16
34
36
41
53
115
181
251
225
269
361
378
366
426
387
404
516
501
269
10
213
319
377
373
328
298
273
245
222
204
180
144
128
115
101
88
79
68
43
34
20
104
125
184
231
266
235
196
236
328
390
429
436
410
366
245
156
23
210
307
382
408
394
352
317
277
227
196
172
148
125
108
88
65
58
53
18
29
18
39
34
70
110
103
170
173
181
184
158
178
200
195
171
85
54
163
237
278
280
247
222
194
195
162
88
5
30
41
206
282
315
329
331
298
228
176
125


