53
223
411
490
541
565
540
401
368
338
296
344
253
173
165
145
125
95
71
119
43
83
111
92
34
154
150
134
175
242
355
375
371
308
280
335
410
519
527
472
234
115
2
94
129
130
132
127
120
111
82
75
73
30
15
2
2
10
17
30
49
56
58
60
98
117
167
170
128
128
150
184
234
280
289
302
378
373
305
253
170
120
92
51
5
38
53
47
26
27
30
20
6
4
27
36
38
36
39
41
43
56
54
53
53
61
82
100
82
73
74
74
77
82
82
78
86
147
187
223
308
268
111
85
70
61
53
41
41
41
39
38
36
34
36
43
39
8
4
2
0
20
30
28
28
34
41
69
69
58
56
58
58
63
70
82
111
143
108
87


