82
63
49
43
38
34
29
24
32
34
32
30
30
29
30
36
39
38
38
36
41
45
41
43
43
49
69
90
86
138
186
265
302
241
178
82
43
27
20
5
5
9
8
4
34
43
47
20
20
30
32
34
32
14
6
29
41
47
58
79
116
128
198
253
238
246
289
296
247
176
103
58
39
127
159
175
177
161
144
121
91
54
45
45
38
30
24
11
6
11
10
30
63
74
137
171
195
233
222
233
278
313
268
258
296
315
310
265
171
45
74
172
220
236
226
186
165
153
140
124
115
103
70
56
47
41
29
15
75
87
47
56
98
186
222
250
221
196
220
238
253
236
233
169
45
0
39
125
195
230
235
201
184
175
161
142
128
108
82
60


