47
43
23
41
54
68
65
49
75
111
170
181
239
258
250
293
390
453
595
642
506
45
203
308
348
350
342
298
265
245
215
184
160
124
94
78
70
60
41
30
26
32
91
186
251
244
273
322
303
320
375
347
307
206
5
47
213
310
380
373
300
245
212
173
140
103
95
4
213
303
371
607
434
347
380
324
253
220
139
41
78
202
241
265
317
380
419
443
448
415
382
350
319
284
251
213
162
135
102
75
51
39
201
338
371
422
437
371
337
213
151
95
4
51
103
172
220
254
298
350
399
395
359
317
258
228
195
155
115
83
43
32
28
18
5
6
47
137
205
206
252
293
302
296
295
344
371
419
392
443
446
397
302
223
56
91
185
242
256
252


