60
45
32
15
8
5
70
120
95
127
219
266
269
303
357
380
353
368
324
228
107
36
70
152
189
178
182
178
153
137
137
112
85
86
92
91
83
82
78
56
54
54
47
36
27
19
4
4
0
0
43
112
112
103
82
106
119
96
124
165
170
130
53
10
16
88
161
161
124
119
117
79
66
63
60
38
36
34
30
20
20
16
0
0
0
5
6
8
11
20
34
43
36
19
4
8
11
25
34
39
26
19
15
9
32
25
10
49
74
108
107
39
24
20
20
19
11
0
28
21
11
15
15
13
13
17
16
14
12
11
11
10
14
12
11
8
5
2
2
18
20
20
18
17
16
16
16
19
20
20
23
23
20
20
25
27
29
29
29
29


