30
30
29
28
28
27
27
26
26
25
24
20
20
17
15
14
15
13
11
10
10
8
5
5
2
0
2
10
34
39
12
5
6
5
0
9
8
0
0
11
41
121
260
397
417
395
352
253
96
73
61
5
58
121
140
129
111
82
53
54
60
61
54
49
36
17
11
6
2
0
4
32
124
124
165
201
248
302
310
352
359
298
317
462
663
800
800
468
115
5
160
260
331
413
472
452
399
348
308
250
212
179
150
114
81
68
284
350
368
362
340
298
242
218
156
123
11
130
296
371
380
419
471
492
486
472
461
410
355
308
260
211
153
125
95
6
132
284
361
404
377
317
282
263
213
220
265
457
740
800
800
631
258
114
222
310
359
364
362
392


