317
296
289
326
399
506
553
522
548
504
317
16
258
399
455
468
448
413
362
333
310
282
245
213
187
155
145
83
61
47
47
88
101
143
191
192
186
184
231
287
282
231
152
65
120
246
329
359
331
284
251
209
161
140
117
95
71
56
38
11
5
0
0
14
73
212
225
177
184
229
310
370
371
384
333
275
204
175
138
60
32
111
197
245
237
214
197
178
144
134
121
107
91
78
43
15
13
6
2
11
54
139
117
70
66
117
169
171
260
317
291
280
282
203
160
2
146
192
210
212
187
153
124
102
79
69
60
49
36
34
28
2
2
5
9
16
18
20
34
32
34
47
103
111
106
116
90
92
78
87
123
176
179
209
256
237
162
78
53
8


