61
114
123
111
100
78
58
53
49
43
36
32
11
5
2
2
0
2
6
30
29
30
32
56
78
63
47
43
47
60
81
124
195
193
201
245
242
215
117
60
23
9
15
53
60
65
47
41
45
45
39
34
21
11
9
11
9
6
2
4
10
10
8
10
11
12
20
39
41
32
32
36
47
68
70
101
170
218
239
271
266
211
91
32
14
4
45
58
66
75
65
56
53
41
25
24
28
28
28
20
0
2
0
2
4
5
5
4
14
17
14
14
19
54
95
81
146
193
218
246
284
291
273
171
58
13
19
74
78
86
99
106
104
102
99
70
65
66
65
54
49
41
24
15
11
5
26
56
45
53
53
58
99
102
123
214
243
268
303
317


