366
394
448
302
119
78
215
271
271
275
265
220
193
165
144
127
106
83
56
47
41
32
23
17
4
54
69
82
115
172
241
268
265
273
348
476
422
377
429
347
171
85
68
234
326
345
328
303
275
231
197
170
129
110
92
81
64
53
43
30
11
51
152
179
246
291
293
319
373
419
478
508
411
322
256
229
189
144
21
170
287
350
382
382
357
310
273
243
191
170
152
135
110
90
75
49
43
39
38
28
8
75
200
206
152
137
143
167
164
170
140
158
203
220
219
173
95
27
53
171
233
230
214
201
163
151
143
132
117
104
91
65
53
45
43
34
28
24
17
4
16
58
98
78
88
110
156
168
144
173
206
234
234
220
132
32
2
49
123
160


