167
159
130
120
114
102
88
85
75
49
41
36
39
34
34
29
24
6
6
6
5
2
2
5
43
51
39
49
70
114
161
203
205
194
251
262
235
225
205
115
39
11
45
108
154
165
160
154
144
127
111
98
73
58
51
51
45
39
34
21
14
11
12
5
8
60
99
51
39
41
53
74
121
167
161
158
169
192
195
156
65
5
6
36
98
128
144
136
121
115
111
96
79
70
53
49
43
41
36
32
27
13
10
8
10
8
6
0
28
21
12
17
30
54
106
168
170
175
186
215
217
222
212
136
47
13
8
19
66
96
127
151
152
144
136
114
86
75
71
61
56
51
39
27
24
25
20
14
2
41
36
19
20
38
90
170
215
200
194
212


