220
256
265
188
58
9
9
69
94
124
119
111
111
99
77
61
53
28
21
18
19
16
18
11
6
12
43
74
61
73
95
130
115
100
130
172
175
191
256
205
164
73
32
17
38
78
104
125
128
121
115
103
69
58
53
51
41
32
21
10
2
5
26
81
70
81
107
125
124
145
202
237
241
244
242
210
191
128
53
25
5
74
125
154
163
153
140
134
123
94
86
82
71
58
47
25
20
54
36
41
51
58
85
137
147
171
180
177
220
228
211
170
99
39
17
45
123
154
173
184
180
167
151
131
94
79
68
56
43
34
24
19
77
61
70
114
161
206
220
203
208
214
217
225
236
246
324
352
260
153
0
142
231
300
329
308
263
231
203
159


