137
117
101
78
63
30
9
5
0
6
103
173
184
239
222
208
222
226
245
245
305
277
223
136
61
10
107
211
239
237
227
211
181
156
138
112
85
73
68
58
47
39
29
11
5
13
91
88
127
191
223
200
201
219
271
266
258
275
296
234
153
61
30
18
120
196
228
233
225
196
176
158
128
108
96
91
75
61
49
36
18
13
13
9
4
8
74
92
51
53
90
153
210
239
254
243
242
250
254
245
179
78
9
30
92
129
152
153
128
103
106
121
123
120
111
90
74
65
64
54
49
41
30
14
4
27
66
56
68
114
119
98
107
146
197
227
256
253
195
115
43
15
16
82
103
115
134
138
131
127
117
88
82
81
78
68
61
53
28
25


