23
20
14
11
6
6
26
77
71
87
120
156
135
137
192
209
218
228
228
260
263
287
212
115
28
143
217
246
245
220
185
152
114
100
91
82
70
61
41
30
5
6
2
2
0
11
25
60
47
43
56
98
151
169
195
215
229
241
247
226
193
124
43
8
11
61
85
73
121
176
153
143
132
99
88
88
86
75
69
60
45
26
20
20
16
11
10
5
8
30
53
49
60
95
153
188
176
161
179
228
226
230
238
198
180
128
38
0
71
120
120
134
153
154
151
150
131
107
96
91
78
61
49
34
20
18
20
16
12
11
5
8
28
56
43
45
51
77
99
124
169
192
202
198
201
186
184
142
49
8
0
23
60
100
130
134
128
128
101
83


