78
77
69
61
53
30
21
16
15
0
51
61
54
32
41
64
71
104
128
103
96
110
111
131
184
178
91
10
0
11
34
56
108
91
58
56
68
74
83
90
66
56
53
34
26
24
18
5
2
4
36
36
36
49
82
90
106
151
184
226
233
243
237
225
203
99
28
12
18
68
104
135
138
135
136
131
101
94
92
87
75
69
58
30
20
13
0
60
54
64
99
78
103
163
187
205
226
230
215
196
127
39
11
23
99
137
161
182
170
153
142
115
87
71
66
54
45
36
17
2
39
39
39
53
116
169
167
181
194
202
220
225
236
214
119
23
0
5
30
56
60
132
210
208
193
154
128
115
104
87
73
58
29
9
53
51
56
87
144
171


