162
186
195
212
231
248
231
221
177
61
25
51
145
202
230
227
206
191
170
129
108
95
79
61
47
29
11
27
51
41
63
124
152
148
189
202
201
228
242
212
99
27
6
12
69
98
96
159
176
163
142
123
82
61
49
41
29
19
11
8
30
73
68
110
176
219
219
218
243
268
258
271
275
256
254
214
92
43
74
187
250
277
271
238
202
170
120
95
78
65
49
38
28
0
56
60
58
85
125
169
213
204
205
226
245
244
244
231
189
68
17
0
75
170
193
201
203
192
170
153
136
95
75
66
60
45
36
26
11
0
12
73
70
74
90
134
135
173
201
213
225
227
225
222
212
151
41
14
11
102
154
178
195
192
172
155
140
102
82
70


