63
49
39
30
11
2
0
9
70
65
78
112
120
147
180
197
219
236
243
230
231
178
56
28
5
106
158
186
194
181
160
142
120
87
73
68
60
47
36
25
2
0
9
70
74
74
106
108
86
125
178
205
225
236
228
212
198
106
34
19
47
134
184
210
201
176
152
128
90
71
64
56
41
34
23
4
0
0
11
82
99
95
87
91
111
152
198
223
239
239
206
220
217
221
209
107
30
4
106
212
248
254
236
196
170
153
128
103
87
58
43
34
32
24
17
13
2
30
91
75
86
112
160
181
210
209
206
241
227
202
99
30
19
58
159
214
214
177
158
140
123
102
85
60
39
29
27
11
63
117
78
49
74
142
168
178
191
184
169
178


