195
178
63
34
5
14
82
147
172
184
154
138
129
125
107
95
86
58
45
38
36
30
26
20
5
0
39
51
41
38
45
75
49
49
85
116
137
200
208
185
195
194
173
115
49
6
2
51
120
161
191
182
152
144
143
129
114
103
69
56
47
43
34
26
19
0
6
60
70
95
120
144
138
143
189
179
186
187
194
179
152
63
27
23
2
34
95
161
203
194
171
156
121
99
82
77
60
47
36
16
5
0
2
5
64
98
83
61
70
91
104
106
108
143
195
192
196
226
284
268
342
326
186
117
14
115
238
293
291
277
253
222
194
153
101
78
65
51
36
34
21
10
11
91
99
128
195
195
195
184
181
170
251
271
237
213
164
91
27
107


