189
225
227
205
175
148
125
85
65
56
49
36
32
21
10
2
20
79
61
61
95
184
209
180
167
203
251
286
275
247
291
231
185
103
11
81
151
171
191
203
198
186
176
156
123
103
88
77
60
49
36
20
5
2
2
0
0
28
103
56
56
104
137
184
203
215
146
266
198
212
225
266
158
74
47
2
96
162
172
152
144
146
136
124
114
86
77
70
60
47
38
12
6
0
60
65
41
45
32
39
79
213
196
254
246
258
335
322
315
258
178
51
5
9
73
148
189
169
167
170
159
143
128
107
78
69
66
58
47
36
20
5
2
0
38
64
56
83
102
100
121
182
179
219
244
234
226
291
242
178
120
65
2
68
134
153
153
152
130
112


