114
116
107
101
91
73
49
41
41
32
24
20
2
15
12
17
54
38
41
74
146
144
145
177
164
179
225
236
184
168
143
47
8
0
36
78
117
152
155
144
117
82
58
60
69
70
49
41
49
28
19
20
20
17
14
11
0
11
27
20
21
36
87
107
117
153
159
188
236
196
220
192
193
151
85
36
13
39
82
119
146
143
134
128
103
83
75
78
70
65
58
41
21
16
16
13
2
49
54
39
32
56
87
236
286
278
220
142
185
271
256
234
146
60
14
43
120
173
186
165
137
143
146
137
121
107
83
53
47
47
43
36
30
21
5
2
0
34
60
65
101
144
135
221
236
277
280
258
253
231
163
79
26
2
91
170
184
194
202
186


