156
138
119
82
70
61
53
41
32
25
5
4
12
100
107
138
186
155
168
225
268
262
282
331
359
397
508
618
436
112
56
212
298
370
355
295
258
228
181
116
95
61
34
256
378
403
366
265
200
170
177
143
9
139
210
313
408
471
448
401
389
382
355
331
287
235
191
146
111
90
77
53
36
25
24
120
222
245
252
258
273
230
238
293
366
404
429
417
420
406
335
193
85
115
235
317
390
413
377
338
293
236
209
184
153
125
103
82
53
43
38
29
21
18
12
2
10
61
64
70
101
162
201
176
103
212
262
328
420
450
408
286
168
82
74
188
237
242
234
220
192
163
145
114
98
92
88
77
65
56
39
27
24
25
20
16
13
8
0
9


