27
16
16
20
39
64
98
142
177
203
263
280
245
170
121
74
26
0
47
86
112
125
121
116
111
87
73
70
70
64
58
53
41
5
18
29
27
24
24
20
11
4
26
12
8
11
21
53
121
119
108
111
155
152
188
108
13
10
9
12
30
56
73
60
56
61
65
64
64
65
63
45
43
47
45
39
38
32
20
11
11
14
15
15
15
13
4
2
0
14
32
19
17
30
30
39
66
107
124
208
191
169
189
201
186
99
32
5
20
60
103
121
123
124
101
92
95
100
71
87
83
61
58
58
58
53
49
45
29
27
13
5
0
4
24
58
60
64
103
110
130
181
225
189
208
187
179
81
11
6
47
92
151
170
179
184
167
137
119
111


