111
115
111
94
68
60
56
51
47
41
36
23
25
26
14
30
27
41
64
74
98
147
153
189
187
209
215
203
195
99
26
28
60
153
211
226
217
198
155
112
99
88
74
58
45
32
8
2
0
51
101
85
101
128
137
147
220
219
266
220
212
266
326
282
282
164
91
36
178
282
326
300
260
228
184
146
124
108
90
70
56
39
20
13
11
2
28
127
148
177
191
209
251
218
206
313
319
284
277
319
310
225
94
43
34
161
254
287
284
268
225
201
178
156
137
121
106
79
61
53
47
34
13
75
177
138
137
176
201
225
245
256
268
271
251
181
82
43
12
99
168
195
205
193
176
158
140
108
94
81
70
56
45
34
16
10
11
5
11
41


