66
131
128
137
136
140
208
238
251
291
273
258
243
263
268
184
103
54
47
160
217
220
212
198
160
147
144
128
108
94
77
47
39
30
25
15
10
5
81
56
56
65
74
101
131
124
116
127
145
120
82
43
32
21
0
43
68
82
88
74
70
74
74
70
61
54
28
18
12
11
0
51
81
71
63
70
96
107
140
223
253
228
228
241
254
246
239
115
39
20
30
99
139
160
153
158
161
147
132
121
107
75
66
61
53
43
38
28
10
2
0
0
0
2
5
28
65
41
49
56
85
144
184
201
208
186
186
278
256
253
253
170
82
54
2
96
138
159
167
161
137
121
104
79
77
79
73
63
56
43
28
23
23
18
24
47
91
45
36
39


