47
99
156
214
266
275
254
300
322
326
345
265
87
6
45
110
180
214
193
181
180
170
153
143
131
107
85
78
77
68
60
53
47
27
21
20
19
0
49
53
60
60
77
137
184
208
234
226
278
324
296
333
352
289
114
20
45
104
160
192
197
201
200
182
192
204
202
184
164
143
108
98
91
78
64
56
39
34
28
10
114
92
150
229
145
147
198
228
178
148
119
202
197
92
5
14
86
170
245
268
263
253
228
175
152
134
100
83
70
60
32
18
8
2
5
36
128
95
78
107
164
203
236
248
245
217
226
237
215
225
233
196
86
39
11
115
210
251
218
212
206
182
151
129
111
71
60
49
41
28
20
11
4
11
20
13
20
74
120
112


