112
123
180
220
231
252
310
252
226
245
243
200
107
60
23
91
218
260
228
215
162
111
104
108
88
71
61
34
23
16
14
8
4
0
11
9
11
41
61
49
74
107
78
107
167
206
236
278
253
218
210
220
227
159
54
0
11
34
61
100
152
134
125
144
150
143
128
115
78
69
65
58
47
41
34
11
4
16
45
30
29
41
49
28
58
124
155
178
239
229
195
171
63
19
9
0
12
34
63
99
121
119
115
81
70
70
65
56
51
45
21
14
13
12
0
39
64
53
36
43
65
85
124
159
198
227
219
229
262
275
213
99
14
0
49
121
163
187
186
160
143
130
110
95
83
60
45
34
32
25
18
13
0
2
5
28
87
81
99
98


