61
94
152
184
231
245
218
192
196
210
201
114
36
0
36
136
209
227
225
195
154
135
121
103
90
78
11
5
23
24
18
14
10
2
17
49
41
47
63
92
107
132
158
208
238
233
222
220
203
189
132
39
14
20
107
160
197
214
195
179
159
124
94
79
73
60
49
41
26
9
5
6
2
5
61
68
45
39
60
94
148
182
221
205
228
196
200
201
200
193
75
5
12
98
175
211
212
175
161
153
132
107
87
65
43
34
32
25
18
12
2
5
4
8
56
58
61
98
88
107
171
202
220
238
225
187
192
170
66
18
2
45
99
137
151
140
130
124
99
78
73
70
56
47
21
6
2
4
2
24
65
51
60
56
60
120
128
128
184
236


