258
228
194
210
204
159
68
18
9
112
223
263
246
214
164
137
120
100
79
66
43
26
19
16
10
6
2
11
65
148
120
120
153
189
193
175
197
205
188
177
173
168
148
94
20
0
78
181
209
212
203
184
160
138
107
82
70
65
53
41
30
20
0
0
0
21
69
56
65
82
69
87
100
121
150
173
205
197
170
185
192
150
74
41
14
32
120
175
192
192
177
137
117
110
96
78
66
51
29
15
11
10
2
38
27
28
81
53
58
85
120
159
215
242
218
231
235
215
218
214
180
53
14
4
54
125
167
156
156
159
150
136
124
111
78
65
58
49
36
28
14
49
53
41
49
95
153
176
212
200
189
197
206
213
219
197
104
39
14
12


