96
177
181
181
185
171
148
130
110
77
64
58
49
39
32
25
2
0
0
17
77
60
71
98
106
143
155
188
217
201
198
219
175
107
58
39
11
32
82
136
153
130
125
158
177
155
115
102
74
9
170
338
520
541
495
436
446
390
324
287
148
81
228
364
434
472
522
512
470
410
338
266
214
169
125
102
90
70
56
45
18
2
56
41
39
51
96
163
144
212
226
144
208
268
245
260
348
338
277
219
90
92
204
286
319
296
256
220
186
135
108
94
77
58
45
32
15
2
0
0
2
5
45
111
68
39
47
78
103
186
194
186
136
130
147
150
146
92
14
34
43
81
129
161
196
214
178
179
186
143
136
116
100
74
83
91
82
56
60
56


