30
20
17
2
64
41
38
28
47
91
137
161
146
148
144
153
103
34
20
4
81
130
143
128
115
112
111
82
74
73
69
56
30
39
19
14
9
11
53
39
43
71
49
49
85
154
265
239
155
78
34
6
8
2
63
86
81
86
90
81
70
60
45
25
20
23
18
11
6
2
13
15
17
39
83
73
90
110
91
99
91
137
152
153
169
144
137
192
206
136
68
39
13
30
124
185
208
198
185
193
178
158
125
139
134
114
114
5
13
5
11
15
34
34
34
38
61
96
82
83
83
128
175
203
204
214
208
187
193
197
195
139
61
30
25
18
0
34
81
78
30
60
71
65
58
54
28
12
5
0
5
9
12
28
30
30
30
45
68
58


