51
47
47
58
75
91
140
151
129
144
155
195
212
171
70
41
38
38
29
10
8
4
16
41
47
47
43
11
30
8
5
0
2
32
45
64
86
77
77
87
108
156
184
154
136
144
182
210
220
230
201
176
82
51
47
10
38
60
82
92
82
71
61
47
17
10
11
6
0
5
10
25
30
34
74
83
87
107
164
194
217
211
219
214
223
226
223
204
221
273
329
645
800
637
302
65
32
144
194
263
296
296
308
308
280
228
188
121
82
54
63
129
289
413
344
258
175
182
268
291
252
178
41
90
30
11
8
10
64
181
258
338
355
333
313
286
262
244
246
225
168
87
176
219
217
296
136
130
386
603
572
472
404
419
395
401
404
307
210
63


