151
182
203
222
258
202
56
225
352
350
269
170
111
83
68
61
51
39
34
30
28
24
25
23
11
10
13
23
58
106
124
115
107
115
143
222
422
472
390
287
28
164
220
256
252
253
258
223
173
134
94
61
53
47
36
26
18
8
13
17
21
28
27
23
30
18
11
45
195
209
167
127
34
150
192
186
143
86
49
32
24
21
20
14
10
6
5
4
2
0
6
20
27
36
53
83
101
96
95
98
114
119
129
114
78
60
8
100
148
156
138
111
87
70
39
21
12
8
2
2
2
0
0
2
4
5
5
6
6
11
18
20
29
41
58
73
85
91
95
88
79
79
96
91
61
56
51
0
61
111
116
99
82
56
30
16
10
2
2
2


