0
2
5
6
9
9
8
8
10
11
11
11
13
14
16
20
25
38
86
172
221
208
165
137
106
108
107
102
98
71
65
47
53
124
131
111
108
88
60
38
24
19
16
9
2
0
0
2
0
0
2
5
5
6
11
16
20
30
45
82
101
96
87
75
77
82
70
78
127
64
63
51
47
121
156
132
94
64
34
12
4
0
0
0
0
0
5
6
8
8
9
9
8
9
14
23
29
39
47
51
45
54
74
92
128
146
186
124
110
127
132
186
103
100
206
221
165
91
45
27
14
11
9
2
0
2
2
5
2
2
5
10
15
39
45
56
74
102
129
127
111
102
90
66
66
73
70
64
85
11
91
152
171
140
94
51
26
18
12
4


