0
2
4
5
6
13
32
39
53
74
87
78
66
56
66
83
87
106
159
142
161
111
10
71
148
212
186
135
78
29
11
2
0
0
0
0
4
6
9
11
13
27
32
39
47
51
49
49
58
75
78
56
68
106
124
91
96
53
45
116
145
129
82
41
19
12
5
0
5
8
8
10
8
11
28
32
41
45
56
56
43
41
43
41
36
41
41
30
30
49
41
0
45
64
68
54
20
5
0
5
6
5
8
11
13
14
15
21
41
47
56
77
91
99
87
68
61
61
58
74
106
86
82
150
78
70
151
167
110
65
38
15
2
0
4
5
5
5
6
10
11
16
30
32
43
64
99
116
124
128
164
205
170
201
457
511
422
144
167
303


