64
49
36
20
2
16
14
17
25
39
58
107
163
211
258
243
256
200
39
45
94
135
158
136
111
69
36
24
19
17
17
14
10
5
2
0
0
4
18
16
15
16
16
15
18
19
18
26
36
34
32
43
41
9
43
53
43
27
13
8
2
0
4
5
6
8
9
9
9
11
11
12
12
12
12
12
13
13
13
14
14
14
14
15
17
16
17
17
17
17
17
17
17
17
16
17
16
16
16
16
16
15
14
14
14
15
15
14
14
13
15
15
15
16
16
16
15
15
16
16
16
15
15
16
16
16
16
16
17
17
17
17
17
18
18
18
18
18
19
19
19
18
19
19
19
19
19
20
19
19
19
20
19
20
19
19
19
19
19
19


