47
73
99
117
161
200
185
160
160
161
144
127
124
167
171
179
184
164
127
51
13
90
188
253
282
266
271
258
214
177
115
10
78
111
160
210
287
345
335
258
142
64
30
16
0
19
32
39
43
45
43
45
51
56
56
58
60
61
63
74
116
167
167
170
171
165
159
138
95
0
70
82
53
24
2
13
28
32
36
38
41
39
39
43
45
47
47
45
47
47
47
47
49
49
49
45
45
41
41
39
39
36
36
36
36
36
36
38
36
36
36
36
36
36
34
36
38
39
41
41
39
39
38
38
36
38
39
39
36
36
38
38
39
38
39
39
39
39
39
38
38
38
36
36
36
36
38
36
36
34
32
30
30
29
30
29
29
28
29
30


