123
186
235
296
386
439
446
437
490
461
212
154
338
373
364
340
302
260
197
137
87
56
38
23
13
4
0
5
5
0
5
11
15
20
30
28
28
30
36
43
49
69
103
107
92
61
45
12
28
54
45
38
39
23
5
2
6
11
13
11
11
14
17
18
19
20
20
19
20
20
20
21
23
24
23
20
20
20
21
23
23
24
23
21
23
24
25
26
27
27
25
24
25
25
25
24
25
25
24
24
24
24
24
24
24
24
24
23
23
23
21
24
24
21
21
21
21
20
21
21
21
21
21
21
21
23
23
24
24
23
23
23
21
21
21
20
20
20
18
17
18
20
19
20
20
20
20
20
20
19
20
20
20
20
20
20
20
20
20
20


