129
143
136
139
128
110
115
115
87
0
54
83
115
127
125
153
167
156
120
70
28
5
0
5
8
10
11
12
17
21
26
49
63
60
58
65
95
134
186
320
337
293
212
47
2
39
71
102
115
112
81
43
21
13
8
2
0
0
6
11
12
13
15
15
15
16
18
19
19
20
20
20
19
20
20
20
21
21
21
21
21
23
23
23
24
24
25
26
26
25
26
25
25
25
25
25
24
24
25
24
24
24
20
15
18
19
19
20
20
20
20
20
20
20
21
20
20
21
20
21
21
21
21
21
21
21
20
21
23
21
21
21
21
20
20
21
21
20
20
21
21
21
20
21
21
20
21
21
21
21
20
21
21
20
21
21
20
21
20
20


