21
24
25
25
26
26
26
26
26
26
26
26
41
60
61
87
213
317
322
200
15
51
91
107
99
64
32
15
9
4
5
6
4
2
11
32
100
130
88
63
64
82
98
98
99
91
81
90
39
92
137
143
121
95
65
34
16
5
0
2
5
5
6
11
13
14
15
16
17
16
16
17
18
18
19
19
19
19
19
18
19
20
20
20
20
20
20
21
24
28
27
26
26
25
24
19
15
15
18
20
19
20
21
20
20
20
20
20
20
21
21
21
20
20
21
20
21
21
21
20
21
20
20
21
20
21
21
21
21
20
20
21
21
21
20
21
21
21
20
21
21
21
20
21
23
21
20
20
20
21
20
21
21
21
20
21
21
21
21
21


