181
203
188
200
213
208
196
201
103
60
73
123
145
153
160
178
187
191
202
250
273
237
209
186
151
54
30
144
194
210
206
185
193
209
188
159
132
5
91
159
218
252
291
328
347
298
227
137
60
11
5
18
30
41
45
45
45
43
47
56
91
209
265
315
310
287
296
311
329
319
226
6
167
209
221
212
178
129
82
43
29
15
0
14
20
25
27
30
28
28
30
34
36
36
38
38
38
36
34
36
38
39
39
39
39
39
38
36
38
39
39
39
39
38
38
36
36
36
36
38
36
36
36
36
36
34
36
36
36
36
34
34
34
34
32
34
34
34
32
32
32
32
32
32
32
32
32
32
30
30
30
30
30
30
30
30
30
30
30
30


