128
164
163
195
284
406
411
382
271
61
211
241
263
315
348
338
302
238
139
85
63
49
45
39
27
14
2
0
11
9
2
17
43
53
66
71
47
45
47
56
147
175
145
107
78
45
25
15
10
6
4
4
2
0
2
4
4
6
6
8
9
11
16
18
23
25
28
32
43
45
39
36
32
16
0
5
2
4
11
2
5
6
8
11
13
15
17
18
20
19
17
18
20
20
20
21
23
21
21
21
23
23
24
23
25
24
23
24
25
25
25
26
27
28
27
27
28
28
29
29
30
30
30
30
30
30
30
30
30
30
30
32
30
32
32
32
32
32
32
32
32
34
32
32
32
32
32
32
32
32
32
32
32
32
32
32
32
32
32
32


