32
34
39
70
75
65
64
95
136
168
171
165
129
108
74
5
43
65
70
61
49
32
16
9
2
5
11
15
17
18
18
19
19
20
20
25
36
60
101
195
225
248
266
310
333
315
191
49
5
21
32
32
41
24
20
0
0
0
0
2
2
2
2
2
2
2
11
74
68
56
34
13
8
18
24
10
5
0
0
2
0
2
5
6
8
9
6
9
11
10
11
11
11
11
11
11
10
11
13
14
15
15
16
16
15
16
16
16
16
16
15
15
14
13
13
13
13
12
11
11
12
14
15
15
15
16
16
17
17
17
18
18
17
17
19
20
20
20
20
20
21
20
21
21
21
21
21
20
20
20
20
19
19
20
19
18
18
17
16
16


