92
256
347
389
424
443
450
497
513
461
340
217
153
131
111
90
81
66
49
47
47
47
43
30
4
102
205
348
554
717
800
770
510
20
474
534
448
359
298
250
200
164
137
103
82
74
69
64
63
60
51
43
41
41
39
39
39
36
36
34
34
34
32
32
30
30
32
53
60
54
45
36
32
30
28
27
27
25
23
20
19
19
16
14
13
13
12
12
11
11
11
11
10
9
9
8
8
8
6
5
6
5
5
5
6
6
6
6
6
5
5
5
4
2
2
2
2
0
0
0
0
2
0
2
2
2
2
2
2
4
4
4
4
5
5
5
5
5
5
5
5
6
6
6
8
6
6
8
8
6
5
5
6
8
8
8
8
9
8
8


