45
25
11
5
47
53
51
73
322
439
348
307
295
311
258
155
5
92
147
161
158
189
252
228
185
163
140
95
47
19
5
0
11
10
19
27
28
30
30
30
30
36
39
49
86
70
60
60
58
56
51
58
71
70
99
30
43
39
9
5
11
12
15
18
21
21
23
23
24
23
24
25
26
26
26
26
26
24
24
25
25
24
24
24
24
23
21
23
24
24
24
25
24
24
24
24
24
24
24
24
25
25
28
27
26
26
25
25
24
24
24
24
23
21
20
20
20
20
20
20
20
20
20
20
20
20
20
20
20
20
20
20
20
20
20
20
20
20
20
20
20
20
20
20
21
21
21
21
21
20
20
21
21
20
21
20
20
20
20
20


