155
179
165
162
147
178
250
322
371
410
355
225
131
96
63
21
21
119
82
70
81
220
366
359
296
352
293
171
23
110
163
181
203
223
253
284
253
212
147
75
39
20
11
2
8
16
20
25
28
30
39
69
60
53
58
64
63
61
69
70
74
73
74
124
30
43
73
65
32
9
5
11
17
18
20
23
26
27
28
29
30
30
30
30
30
30
30
32
30
30
30
29
29
30
29
30
29
30
30
29
28
28
29
28
28
28
28
29
27
27
27
27
27
26
26
26
27
27
26
27
26
27
27
26
27
26
26
26
25
26
26
25
26
25
26
25
25
25
25
25
25
25
25
24
24
24
24
24
25
24
24
24
25
24
24
24
24
24
23
24


