271
328
415
485
501
453
344
181
78
34
11
4
19
41
111
143
129
138
184
319
519
591
551
481
453
348
45
87
153
219
268
307
329
310
291
263
184
103
53
14
4
14
20
25
27
27
30
38
41
45
49
70
102
91
87
87
94
102
153
202
212
217
171
148
99
53
128
134
119
91
53
15
2
13
18
23
23
24
28
30
32
34
34
34
32
32
34
36
36
36
34
34
34
34
34
34
34
36
36
34
34
34
34
32
34
34
34
34
34
34
32
32
32
32
32
32
32
32
32
30
30
30
30
30
30
30
30
30
29
30
30
29
30
29
28
29
28
28
27
28
28
28
28
27
28
28
27
27
28
27
27
26
27
27
27
27
26
26
26
25


