5
17
30
99
91
143
331
424
446
439
403
399
389
357
265
0
238
357
291
177
150
130
114
98
91
85
78
64
58
41
18
5
0
2
8
14
17
20
20
21
23
28
51
56
56
58
56
68
65
43
9
30
26
0
43
65
108
102
92
78
56
45
39
34
32
30
29
25
20
19
19
19
17
19
20
18
20
14
14
12
18
15
11
10
9
6
5
2
2
11
4
0
2
0
9
5
4
8
5
14
11
0
6
13
20
26
25
24
15
2
12
4
2
2
2
6
11
5
0
2
5
2
0
0
2
6
11
5
8
5
6
5
4
2
2
0
4
0
0
2
0
0
2
5
4
4
0
2
0
2
5
2
5
10
11
9
11
19
26
8


