2
9
16
19
19
21
27
65
87
65
68
108
144
162
147
156
181
268
217
28
54
73
82
79
65
47
30
20
11
5
4
10
13
16
16
16
18
20
21
23
23
24
23
23
24
25
25
25
26
24
25
25
27
29
39
60
51
45
45
47
51
56
66
74
65
58
74
11
38
36
13
2
2
9
14
16
18
18
18
19
19
20
20
21
21
21
21
20
20
21
23
23
23
23
23
21
21
23
23
23
23
24
23
21
21
23
23
23
23
21
23
23
23
23
23
23
23
23
21
23
23
23
23
21
23
23
21
21
21
21
21
21
21
23
21
21
21
21
21
21
21
21
21
21
21
21
21
21
21
20
21
21
21
21
21
21
21
21
20
21


