53
29
17
5
0
16
63
90
74
74
99
307
331
313
293
280
296
328
269
49
96
172
211
210
73
45
38
32
30
25
20
15
10
6
4
0
4
6
8
24
56
38
32
32
32
29
26
24
24
25
30
36
34
36
53
47
2
34
53
53
36
13
0
6
10
14
18
21
24
24
24
25
24
24
25
25
26
26
26
26
26
26
26
27
27
27
28
27
27
27
27
27
27
27
27
27
27
27
27
26
27
27
27
27
27
27
27
27
29
27
27
28
27
28
27
27
28
28
27
27
26
27
27
27
27
26
26
26
26
26
25
26
26
26
26
26
26
26
26
26
26
23
23
21
21
21
23
23
23
24
24
23
23
24
24
24
24
25
24
23


