226
310
338
298
293
340
387
411
359
179
90
60
45
2
178
399
448
455
455
450
404
315
231
43
143
206
223
220
230
225
230
241
219
202
154
111
78
65
56
43
30
5
32
83
181
234
243
253
236
159
123
51
205
273
215
137
74
30
8
9
20
30
36
39
41
39
41
45
47
49
49
51
51
51
51
53
53
53
53
53
51
53
51
53
51
51
49
49
49
49
49
49
49
49
47
47
47
49
49
47
47
49
49
49
47
45
47
49
49
47
41
39
36
38
38
39
39
38
36
36
36
36
36
36
36
36
36
36
36
36
36
36
36
36
36
36
36
36
34
34
34
34
34
34
34
34
32
34
32
32
32
32
32
32
32
32
32
30
30
30


