139
208
215
228
195
202
143
184
177
189
186
170
139
125
184
167
111
116
77
24
14
13
53
82
82
54
63
74
53
11
61
74
104
87
69
60
56
56
66
58
66
71
60
51
34
30
18
16
2
14
29
49
70
87
99
101
100
111
127
140
136
111
51
9
30
30
13
5
0
0
2
9
8
9
15
21
26
30
36
41
47
49
51
53
53
53
53
53
53
54
56
56
56
54
53
54
54
53
54
56
54
54
53
53
51
51
51
49
49
49
49
49
47
47
45
45
45
45
45
43
43
43
43
41
41
41
41
39
39
39
39
38
38
38
36
36
36
34
34
34
34
34
32
32
32
32
32
30
30
30
30
30
30
29
29
29
29
29
28
28


