229
230
246
236
215
176
104
8
36
79
88
103
124
114
104
95
87
45
4
16
28
30
36
41
49
53
54
56
58
56
56
58
60
60
60
60
60
58
58
60
60
61
77
110
128
147
180
222
256
268
268
263
245
221
196
132
14
58
86
99
110
92
74
54
32
12
2
5
14
20
24
25
25
25
24
28
30
32
34
32
27
20
20
21
23
23
23
24
23
21
23
23
24
24
25
24
23
23
24
24
23
23
23
21
21
21
21
21
21
21
21
20
20
20
21
20
20
21
20
20
29
45
43
41
38
36
23
20
19
19
20
19
19
18
19
18
18
18
18
18
17
18
17
17
17
17
18
18
18
18
18
18
18
17
17
18
19
18
18
18


