233
169
154
148
136
107
70
43
30
21
13
5
0
2
9
32
49
49
64
106
158
303
350
333
315
305
311
326
307
100
64
145
185
202
210
197
171
167
152
137
110
83
56
43
34
20
11
5
2
0
0
0
2
5
5
5
6
6
6
6
9
12
17
18
16
17
17
20
20
20
25
28
25
20
16
15
15
13
5
10
10
2
0
2
8
8
8
10
11
13
13
15
15
13
14
15
16
16
17
16
15
16
17
17
18
18
17
17
18
19
20
20
20
20
20
20
20
19
19
20
20
20
19
20
20
20
20
20
20
18
16
17
17
17
16
17
17
17
18
18
18
18
18
18
19
19
19
18
19
19
19
19
20
19
18
20
20
19
20
20


