43
53
61
71
73
74
69
65
61
63
60
54
34
8
5
11
15
19
15
12
9
10
9
10
8
2
0
5
11
29
58
73
82
81
75
71
70
63
60
56
16
9
20
25
21
11
10
10
9
6
6
9
5
2
0
0
2
2
5
6
10
11
13
15
20
27
34
41
47
54
61
58
47
24
11
2
0
0
0
2
4
5
8
6
9
9
10
11
12
12
13
12
15
17
20
25
30
38
41
39
36
25
14
11
9
5
5
5
8
10
12
12
12
13
14
15
15
17
15
16
17
17
17
17
17
16
17
17
17
17
17
17
16
17
16
17
18
17
17
17
17
17
17
17
17
18
17
18
18
17
17
17
17
17
18
18
19
20
24
26


