24
45
90
161
145
111
85
104
98
75
32
30
53
58
54
51
45
36
26
13
2
0
2
6
10
12
13
14
14
14
15
15
16
16
16
17
17
17
16
17
17
17
18
19
20
20
20
20
20
20
23
51
119
163
131
117
103
74
26
0
15
19
15
11
5
0
0
2
4
5
6
8
9
8
9
10
11
11
11
11
11
12
13
13
13
13
14
13
14
15
15
15
15
15
15
16
16
16
17
17
17
17
17
17
17
17
18
17
18
18
17
17
18
18
17
17
18
18
18
18
18
17
18
18
17
18
17
18
18
18
18
18
18
18
18
18
18
17
17
17
18
17
18
17
17
17
18
18
17
17
18
17
18
18
17
18
18
18
17
18


