125
227
268
280
282
265
331
478
424
468
395
329
198
16
83
129
155
160
189
197
184
178
178
161
129
87
43
6
5
5
9
9
13
20
24
26
27
27
26
28
32
49
71
70
77
87
91
110
114
112
120
116
114
107
87
74
56
107
96
78
53
21
10
10
0
2
8
15
19
20
23
20
20
24
24
26
26
27
26
26
27
28
28
29
29
27
27
28
29
29
29
28
27
27
28
28
28
29
28
27
26
27
27
27
27
27
26
25
26
26
26
27
26
26
25
26
26
26
26
26
25
26
26
25
26
26
25
25
25
25
25
26
26
25
25
25
25
25
25
24
25
25
24
24
24
25
24
24
24
24
24
24
24
24
24
24
24
24
23
23


