5
2
4
13
47
51
49
49
47
49
69
82
79
70
94
192
251
215
124
61
27
71
83
85
87
98
90
83
88
88
78
63
36
18
10
2
4
8
10
11
11
11
16
24
25
27
30
34
41
71
82
85
77
74
70
47
36
38
34
9
28
53
60
47
32
17
5
0
0
5
8
10
11
14
13
11
13
14
15
15
17
16
16
17
17
17
17
20
20
20
20
21
21
21
20
21
21
21
21
21
21
20
21
20
21
20
20
20
20
21
20
21
20
20
20
20
21
20
20
20
20
20
20
20
20
20
20
20
20
20
20
20
20
20
20
16
15
15
15
17
19
20
20
20
20
20
20
20
20
20
20
20
20
20
20
20
20
20
20
20


