20
20
20
19
18
17
16
15
15
14
15
123
719
733
744
698
562
565
468
268
83
153
315
373
446
450
432
401
420
326
125
64
119
154
115
74
74
78
178
211
171
170
117
94
86
107
85
56
61
61
41
30
0
53
102
127
139
153
170
179
156
135
86
29
4
26
34
36
29
11
2
4
10
6
0
10
15
13
15
19
20
27
27
26
25
27
30
30
34
34
34
34
34
34
34
36
36
38
36
36
36
36
36
36
36
36
36
36
36
34
34
36
36
34
34
34
34
32
32
32
32
32
32
32
32
32
32
32
32
32
32
30
32
32
32
32
30
30
30
30
30
30
30
30
29
29
29
28
29
29
28
28
28
27
26
27
27
27
27
27


