370
328
265
220
188
115
8
45
60
85
95
95
99
95
83
74
63
53
45
45
41
30
28
27
25
23
20
20
11
8
5
5
0
9
11
10
10
10
10
10
11
16
90
163
138
236
307
195
70
8
14
25
34
39
41
43
39
36
36
41
34
27
19
11
5
2
0
0
0
0
0
2
4
4
4
5
5
5
5
6
8
8
8
8
8
9
11
11
11
11
11
11
11
11
12
12
12
12
12
12
13
12
13
12
13
13
13
13
13
13
14
13
14
13
14
14
14
14
14
14
14
14
14
14
14
15
14
14
14
14
14
14
15
15
15
16
15
15
15
15
16
15
16
16
15
16
16
15
16
16
16
16
16
17
17
17
17
16
16
17


