111
203
289
331
342
357
305
228
175
14
148
205
228
203
173
179
169
182
196
215
227
242
220
185
156
102
21
88
107
128
170
154
173
172
163
154
70
75
111
132
128
123
112
103
99
92
86
83
87
81
66
54
53
60
64
61
60
58
51
41
30
23
15
11
8
8
9
6
2
0
6
26
41
53
61
54
32
11
2
11
15
15
15
15
12
12
11
8
4
0
0
0
0
0
0
0
0
0
0
0
0
0
2
4
4
5
4
4
4
5
5
6
8
6
6
8
8
9
11
11
11
9
9
8
9
10
10
10
10
9
9
10
11
11
11
11
11
11
11
11
11
12
12
12
12
12
12
12
13
13
12
13
13
13
13
13
14
14
14
14


