20
29
32
29
28
28
20
12
6
5
5
5
0
6
11
18
43
70
78
79
81
86
81
82
79
70
49
10
10
19
20
23
20
13
9
5
0
6
15
8
0
2
5
6
5
8
14
25
39
49
53
54
58
61
61
60
45
12
0
5
10
8
4
5
5
2
0
0
0
2
6
10
8
2
0
5
8
11
13
14
16
19
24
30
39
43
43
43
45
39
23
14
8
2
0
0
2
5
5
8
10
10
12
13
15
16
16
16
16
16
17
17
17
16
16
17
17
18
18
17
18
18
18
18
18
19
18
18
18
19
18
19
19
19
19
19
19
18
19
20
19
19
19
20
19
19
20
19
20
19
19
19
20
19
20
20
20
24
27
30


