10
20
20
19
18
20
25
49
235
228
237
291
228
176
162
99
0
20
30
47
61
63
65
64
49
43
45
49
39
27
16
10
5
5
2
0
0
2
4
5
5
5
6
6
8
8
9
10
11
11
11
12
13
13
13
14
13
13
14
14
14
14
14
14
14
14
14
14
13
12
12
12
12
13
12
13
14
13
11
13
14
14
15
15
15
15
15
15
16
15
16
16
16
17
16
16
16
15
16
16
16
16
16
16
16
16
16
16
16
16
16
16
16
17
16
17
17
17
17
17
17
17
17
17
15
13
15
16
17
17
17
17
17
17
17
17
17
17
17
18
18
18
18
18
18
18
18
18
18
18
18
18
18
18
18
18
18
18
18
18


