63
65
78
148
335
395
408
355
268
173
20
45
61
70
75
87
90
82
83
77
75
77
77
68
58
45
32
19
10
2
0
0
2
4
6
10
14
19
17
17
16
16
18
20
30
49
41
26
36
71
53
25
17
14
13
13
10
4
0
0
0
0
0
2
5
8
10
11
11
13
13
14
15
13
14
15
16
16
16
17
16
16
16
16
17
16
17
16
16
17
18
17
17
17
17
17
17
17
16
17
17
17
17
17
17
17
17
18
18
17
18
18
18
18
19
18
19
19
18
18
17
16
17
18
18
18
18
18
18
18
19
17
18
18
18
19
18
19
18
18
18
19
19
19
19
19
18
19
19
19
19
19
19
19
19
19
19
19
18
19


