13
56
139
215
246
260
300
319
338
335
338
296
107
23
70
85
95
99
91
82
82
77
68
60
51
45
41
45
45
47
45
41
30
27
23
20
17
19
16
12
6
5
2
2
0
0
9
12
16
27
41
61
96
172
229
269
260
252
203
75
8
36
53
74
70
60
54
49
41
39
34
30
20
13
11
15
16
15
13
11
6
5
4
4
2
2
2
0
0
2
2
2
2
2
4
5
6
8
8
9
9
9
9
8
9
10
11
10
10
11
11
11
12
12
12
12
12
12
12
12
12
13
13
13
13
12
13
13
13
13
13
13
14
14
14
14
14
14
15
15
14
15
15
15
15
15
15
15
15
15
15
15
16
15
16
16
16
15
15
16


