115
95
78
64
49
34
29
27
25
23
19
15
11
9
8
6
6
5
5
5
2
2
0
0
2
2
2
2
5
12
32
266
263
168
201
236
275
353
359
307
286
275
245
142
25
85
112
130
128
125
117
111
111
112
110
106
96
85
70
56
47
45
38
30
27
25
23
18
15
11
6
2
2
4
2
2
2
2
0
2
4
20
129
61
16
9
2
12
20
21
20
14
12
14
12
11
10
9
5
2
2
0
0
0
0
0
0
0
2
4
2
2
4
4
5
5
6
8
6
8
8
8
8
8
9
9
9
9
9
10
10
10
11
10
10
10
10
11
11
11
11
11
11
11
11
11
11
11
11
11
11
12
12
12
12
12
12
12
12
12


