63
36
5
41
77
151
213
254
273
310
345
317
280
252
162
43
121
132
155
182
195
189
179
173
152
143
137
132
123
111
100
85
73
64
56
51
47
43
36
21
12
11
9
0
20
49
61
65
85
115
136
161
192
204
159
83
2
60
78
87
91
95
82
75
75
71
69
61
54
47
39
34
32
30
29
27
24
20
17
16
17
16
16
17
16
13
11
11
10
10
9
9
8
6
5
5
4
4
4
2
2
2
0
0
0
0
0
0
0
0
0
0
0
0
0
0
2
2
2
2
2
4
4
5
5
5
5
5
5
5
5
6
6
6
8
8
6
8
8
8
8
9
9
9
9
10
9
9
10
10
10
10
11
10
11
10
11
10
11
11


