34
32
32
30
30
30
29
28
27
26
19
45
246
293
495
452
239
18
71
106
117
119
115
114
110
116
121
124
115
117
107
92
70
51
43
39
32
29
29
28
27
25
24
21
20
18
13
6
6
6
6
5
5
2
0
2
15
47
74
106
99
61
49
20
58
64
49
43
36
28
23
20
18
14
11
9
8
8
8
8
5
4
2
0
0
0
0
0
0
0
0
2
2
2
2
2
2
4
4
4
4
4
5
5
5
5
5
5
5
6
6
6
6
8
8
8
6
8
9
9
9
6
6
8
9
10
10
10
11
11
11
11
11
11
11
11
11
11
11
11
11
11
11
12
12
12
12
13
13
13
12
13
13
13
13
13
13
13
13
13


