36
41
28
11
4
2
10
23
47
60
79
82
82
87
81
78
74
70
30
0
16
21
20
26
26
16
13
12
9
4
0
2
5
8
10
14
20
32
45
56
65
63
65
64
63
56
25
0
11
20
20
19
13
9
5
0
2
6
9
10
11
12
15
15
16
17
17
19
23
30
41
53
54
53
39
18
6
0
2
0
5
5
9
11
13
13
14
15
16
17
17
17
17
18
18
18
18
18
19
19
19
19
18
19
19
19
19
19
19
19
19
19
19
19
19
19
18
19
19
19
18
19
19
19
19
19
18
18
18
18
18
19
18
18
18
18
19
18
19
19
18
18
18
18
19
18
19
18
18
18
18
19
18
19
19
19
19
18
19
18


