153
13
53
68
70
61
58
58
56
47
38
27
13
4
0
2
5
5
6
8
10
11
11
13
13
13
13
13
14
15
15
15
15
16
15
15
16
17
17
20
30
36
34
39
60
74
88
94
99
87
77
79
51
32
24
5
28
30
20
12
5
2
0
0
2
6
9
9
9
9
9
9
9
11
12
12
13
13
13
13
13
15
15
16
16
16
15
15
15
15
16
16
16
16
16
16
16
16
17
17
17
17
17
17
17
17
17
18
18
17
17
17
17
17
18
17
17
17
17
17
17
18
18
18
18
17
17
17
17
18
17
18
18
17
17
17
17
17
17
18
17
17
17
17
17
17
17
17
17
18
17
18
17
17
18
17
18
17
17
17


