43
49
53
53
81
158
265
302
350
201
2
51
74
99
103
111
120
125
110
95
87
82
79
74
65
56
45
38
34
28
24
20
17
16
13
11
9
5
0
0
2
5
5
10
16
20
32
39
47
56
45
41
26
15
8
12
27
30
28
25
24
24
23
21
18
14
9
5
5
5
5
4
4
2
0
0
0
0
0
2
2
2
4
4
4
4
4
5
4
5
6
5
6
8
8
6
8
8
8
9
10
9
9
9
10
9
10
10
10
10
11
10
10
10
11
11
11
11
11
11
11
11
11
12
11
12
11
11
12
12
11
12
13
12
13
12
13
13
13
13
13
12
13
14
13
13
14
14
13
13
14
14
14
14
14
14
14
14
14
14


