175
186
177
153
125
32
41
58
81
96
114
127
111
92
79
74
65
60
49
36
23
13
4
0
4
9
12
14
16
18
18
19
20
20
21
21
23
24
23
24
23
23
23
24
25
24
25
25
25
30
51
79
116
169
227
265
256
230
220
158
92
25
41
75
61
43
32
27
25
20
19
13
6
4
2
0
0
0
2
4
5
6
8
9
8
9
9
10
11
11
11
12
12
12
11
12
13
14
14
14
13
13
13
13
14
14
15
14
14
14
15
16
16
17
16
16
16
16
17
17
17
17
17
17
17
17
17
18
18
18
18
18
17
18
18
18
18
18
18
18
18
18
18
19
18
18
18
18
18
19
19
19
18
19
19
18
18
19
19
19


