147
205
235
222
364
375
238
5
87
102
108
124
130
137
138
131
124
111
103
94
73
53
43
39
34
30
20
0
45
63
47
41
34
34
39
65
87
99
110
103
106
101
81
24
124
153
142
116
103
91
79
70
58
49
34
26
24
20
19
18
15
11
10
6
5
5
4
4
2
0
0
0
0
0
0
0
0
2
2
4
4
4
4
4
4
5
5
5
6
6
6
6
6
8
9
8
8
9
8
9
9
9
9
10
9
10
10
10
11
11
10
11
11
11
11
11
11
11
11
11
11
11
11
12
12
12
12
12
12
12
12
13
12
13
13
13
13
13
13
13
13
13
14
14
14
14
14
14
14
14
15
14
15
15
15
15
15
16
15
15


