81
39
11
0
6
11
17
25
53
90
115
120
176
275
361
429
568
635
614
485
242
28
87
117
146
164
176
193
189
161
144
129
115
106
100
99
99
83
95
85
49
36
30
29
26
25
30
39
11
0
0
0
10
15
12
36
110
152
162
124
92
74
63
53
28
47
82
65
65
75
81
74
61
51
34
30
26
29
20
4
13
11
9
6
5
5
4
2
2
0
0
0
0
0
0
0
0
2
4
5
5
5
5
6
8
8
9
9
9
9
10
9
10
11
11
11
11
12
12
12
14
15
15
11
12
10
16
19
20
17
20
24
24
25
25
27
27
26
27
27
27
27
27
27
27
27
27
27
26
26
26
27
26
26
20
21
23
24
24
25


