11
19
34
47
79
99
135
143
147
161
184
212
228
200
138
56
201
228
212
189
165
144
111
88
79
78
74
69
61
53
43
38
36
32
29
25
20
15
14
14
12
12
11
11
11
9
8
5
5
2
0
0
0
0
0
0
15
21
25
70
131
135
87
39
0
15
13
6
8
11
13
15
14
13
11
8
5
6
8
8
5
5
2
2
2
2
2
2
2
0
0
0
0
2
2
2
2
4
4
2
2
2
4
4
5
8
9
9
9
9
9
9
11
11
11
11
11
11
11
12
13
13
13
14
14
14
15
15
15
16
15
15
16
16
17
17
17
17
18
18
18
18
18
18
19
19
19
20
18
16
13
12
12
12
11
11
11
11
10
11


