448
338
287
277
95
53
90
120
169
184
172
158
134
117
104
94
74
61
53
45
39
34
28
18
12
9
6
4
0
0
4
5
5
5
8
12
27
39
47
61
82
102
123
137
138
161
145
155
131
87
34
53
94
82
65
61
56
49
41
32
20
12
8
5
4
2
0
0
5
6
6
6
8
8
9
9
11
11
12
12
11
11
11
12
14
14
14
14
14
14
14
15
16
16
16
16
16
16
16
17
17
17
17
18
17
18
18
18
18
18
18
18
19
19
19
19
19
19
19
19
19
19
19
18
19
18
19
19
18
19
18
19
19
19
19
19
19
19
19
19
19
19
19
19
18
19
20
19
19
19
19
19
19
19
19
19
19
19
19
19


