161
135
100
74
53
32
16
19
73
66
53
51
47
74
153
228
256
236
258
337
464
313
30
63
70
75
96
106
114
124
136
142
131
123
117
111
100
78
61
43
34
29
23
18
15
11
10
6
4
5
13
19
29
43
39
26
41
56
61
83
108
115
99
51
34
30
0
23
36
36
32
30
32
32
34
34
32
24
20
18
15
13
11
10
6
0
0
0
0
0
0
2
4
5
5
6
8
6
8
9
10
11
11
11
11
11
11
11
11
11
11
11
11
11
11
12
11
11
11
11
11
11
11
11
11
11
11
11
11
11
11
11
11
11
10
9
8
8
6
5
4
2
2
0
0
0
0
0
0
0
0
0
0
0
0
0
0
0
0
2


