225
241
238
244
245
275
296
265
68
74
128
156
161
151
161
160
163
127
107
115
143
134
136
132
124
116
114
103
82
49
0
63
107
131
128
130
134
124
124
125
112
99
15
30
61
70
78
82
74
68
66
56
49
34
24
28
28
17
10
0
5
8
11
15
17
20
23
23
24
24
24
25
26
26
28
27
27
27
28
28
29
30
30
29
29
30
30
32
32
32
30
30
30
32
32
32
32
32
32
30
30
30
30
30
30
30
30
30
30
30
30
30
30
30
30
30
29
29
29
29
30
29
29
28
29
28
29
29
29
28
28
28
28
28
28
27
28
27
27
27
27
27
27
27
26
26
26
26
26
26
26
25
25
25
25
25
25
25
25
25


