116
144
177
177
173
176
178
168
161
153
140
130
132
107
95
86
70
58
56
61
58
47
45
30
11
10
20
43
88
137
164
153
152
162
178
180
184
217
220
136
14
130
186
221
234
213
205
209
218
203
175
146
135
143
135
131
124
112
99
106
100
86
82
78
69
61
60
51
53
49
41
36
39
36
34
30
30
29
29
30
30
30
30
27
26
27
25
18
14
15
18
24
65
32
11
30
39
38
39
38
34
32
32
36
41
43
43
47
49
49
51
51
51
51
53
51
51
51
51
51
51
51
51
51
51
51
49
51
51
49
49
49
49
49
49
49
47
47
47
47
47
45
45
45
45
45
45
45
43
43
43
43
43
43
43
43
41
41
41
41


