90
160
175
167
178
184
181
167
145
117
100
85
74
61
49
39
30
19
11
5
2
0
14
45
51
53
61
98
137
184
201
189
189
171
173
209
202
238
265
201
146
96
203
219
193
158
137
106
77
64
63
53
38
28
24
16
11
9
8
6
6
5
2
0
2
4
5
6
6
9
10
11
12
13
12
13
13
14
14
15
15
17
20
21
20
20
20
20
20
20
21
21
20
17
17
17
17
16
15
15
15
17
17
17
17
16
17
18
18
18
18
19
19
19
18
20
19
20
19
19
20
19
20
20
20
20
20
20
20
20
20
20
20
20
20
20
20
20
20
20
20
20
20
20
20
20
20
20
20
20
20
24
24
25
25
25
25
25
25
25


