54
53
74
265
432
590
558
587
615
516
415
337
266
213
144
104
58
91
191
263
298
305
268
212
181
196
187
160
30
36
78
114
147
161
156
143
120
101
104
120
137
144
125
121
128
117
104
99
81
58
34
23
91
135
163
184
205
215
209
178
161
111
43
12
45
68
95
108
120
120
115
111
106
98
94
78
51
32
0
8
14
20
25
28
38
34
34
36
38
36
43
39
36
36
38
39
43
39
36
39
39
39
39
43
38
36
36
34
34
39
34
30
30
30
30
30
32
32
28
25
26
27
27
28
36
30
28
28
28
26
27
29
32
30
28
28
28
27
28
32
30
30
29
30
30
30
29
36
32
30
30
30
30
30
34
34
32
30
30
29


