24
2
5
14
20
20
16
16
17
13
11
9
5
0
0
5
13
27
43
58
70
68
70
75
68
61
61
53
53
43
11
10
16
19
20
18
18
20
19
15
14
15
11
4
0
4
5
11
17
30
45
60
61
58
56
54
56
53
47
24
0
24
41
41
30
18
8
4
0
2
5
9
11
13
12
14
15
15
15
16
16
16
17
18
18
18
19
18
19
19
19
18
19
19
19
19
18
18
19
19
18
18
19
18
19
19
19
18
19
18
19
19
19
19
18
19
19
19
19
18
19
19
18
19
19
19
19
19
18
19
19
19
19
18
19
19
19
18
19
19
19
19
19
19
19
20
19
20
19
19
19
19
19
19
19
19
19
19
19
19


