11
12
11
12
13
12
13
13
13
13
14
14
14
13
13
13
13
13
13
13
13
13
13
12
12
13
12
12
13
13
12
12
13
13
13
13
15
13
14
28
45
78
82
47
51
79
68
79
114
114
79
73
137
146
28
39
47
36
30
32
29
14
8
2
0
6
10
12
18
21
23
39
45
49
56
47
38
34
58
66
66
51
45
69
60
34
32
27
23
21
21
21
21
21
23
11
14
15
5
2
5
6
10
11
13
13
20
24
36
32
29
28
28
28
26
27
24
18
16
15
15
18
19
19
19
19
19
18
18
20
25
30
28
26
26
26
23
21
21
21
25
24
24
24
23
20
20
20
20
20
20
20
20
20
20
19
19
19
19
19


