38
56
20
15
17
11
5
20
23
11
8
8
5
2
0
2
5
6
5
6
8
9
12
12
12
12
29
39
38
36
28
30
29
23
32
51
45
39
43
34
51
38
17
24
18
2
19
21
21
20
10
5
5
4
0
0
0
5
10
10
9
10
10
11
10
15
13
12
12
12
11
12
11
17
14
11
12
14
30
41
43
26
24
25
4
5
6
8
5
20
32
27
23
23
21
19
15
16
16
16
15
12
11
11
11
11
10
12
15
14
16
15
11
4
2
4
9
11
10
11
24
20
17
16
15
15
24
25
21
23
17
12
16
18
13
12
11
11
12
11
12
12
12
12
12
12
12
11
11
11
11
11
11
11
11
10
10
11
10
10


