78
65
56
47
36
28
21
11
9
9
6
5
4
4
0
2
25
41
32
32
32
49
43
45
56
87
78
115
143
96
49
56
56
32
13
87
129
120
104
91
73
61
53
32
24
19
13
8
5
2
5
6
5
6
8
8
8
14
11
11
11
17
36
41
25
18
18
20
6
6
11
0
0
0
2
5
8
17
34
26
20
19
19
19
20
17
15
16
11
11
11
11
11
12
11
10
8
8
9
10
10
10
9
10
9
10
11
10
10
9
8
8
9
9
9
9
11
18
20
16
15
18
19
19
18
17
14
15
16
19
20
19
16
14
13
14
14
14
14
14
14
15
15
15
14
14
15
15
15
15
15
15
15
16
16
16
15
16
16
16


