225
228
238
226
206
181
189
173
54
32
70
87
103
119
123
125
125
120
120
103
87
75
65
58
45
36
24
17
19
25
21
14
6
11
11
9
2
54
78
99
172
250
293
293
307
286
277
271
176
13
82
116
128
117
106
95
87
73
63
58
53
49
47
43
39
34
34
32
29
27
25
26
24
25
26
27
27
27
28
28
23
21
20
20
18
15
11
10
9
10
8
9
6
6
5
2
0
0
4
2
0
2
4
2
0
0
0
0
0
0
0
0
0
0
0
2
0
0
0
0
0
2
4
2
2
9
10
9
10
11
12
13
13
14
15
16
19
23
26
28
28
30
28
28
28
27
28
29
30
30
32
32
30
26
26
26
26
28
30
11


