202
243
361
313
212
95
13
26
56
60
45
41
5
14
17
20
24
30
32
36
43
49
53
54
58
56
56
58
60
60
60
60
58
58
60
69
77
75
82
86
88
110
107
116
128
121
87
47
30
18
14
15
16
20
28
30
32
34
39
39
41
41
39
41
41
41
41
41
41
41
41
43
43
53
66
71
64
61
58
58
58
60
58
56
36
28
20
18
21
25
28
30
32
32
32
34
34
34
34
36
36
36
34
34
36
34
36
36
36
36
34
34
34
34
34
34
34
34
34
34
34
34
32
34
32
32
32
32
32
32
32
32
32
34
36
36
36
36
36
36
34
34
34
34
34
34
34
32
32
32
32
32
32
32
32
34
34
32
32
32


