140
140
137
132
128
117
103
91
71
53
45
39
28
2
81
153
193
193
143
143
129
111
124
116
228
499
326
20
87
128
145
151
138
137
151
167
161
153
136
100
79
64
47
36
27
23
20
20
20
18
12
2
0
0
2
5
8
20
34
53
83
127
138
182
177
91
74
26
95
114
112
101
78
60
45
36
29
24
20
17
14
12
11
9
8
6
5
4
2
2
0
0
0
0
0
0
0
0
0
2
2
4
6
6
8
10
11
11
12
11
16
19
20
17
16
16
16
16
16
16
17
17
18
18
18
18
18
18
18
19
20
20
19
19
20
20
20
20
20
20
20
20
20
20
20
20
20
20
20
20
20
20
20
20
20
21
20
20
20
21


