91
87
74
61
45
30
20
5
20
70
112
159
170
162
145
128
121
123
120
103
5
43
71
95
115
121
115
100
87
77
63
53
45
36
30
24
19
15
11
6
4
0
0
0
0
2
5
5
5
6
6
6
9
14
21
20
20
20
25
30
39
53
73
85
95
111
85
53
41
6
38
41
32
21
15
8
2
0
0
0
2
2
5
5
6
6
8
9
9
10
10
11
11
12
13
14
14
14
14
14
14
15
14
15
15
15
15
15
15
15
15
14
16
15
15
15
16
16
16
16
16
16
16
16
16
16
16
16
16
17
16
16
16
16
16
16
17
16
17
17
17
17
17
17
19
19
18
18
18
18
18
18
18
18
18
18
18
18
19
19


