195
195
204
201
173
128
91
65
41
23
12
112
225
280
273
263
275
282
295
284
248
268
248
15
155
227
235
220
186
168
161
148
142
135
125
115
107
101
92
77
63
51
39
29
21
13
5
15
11
17
32
51
63
73
90
116
124
124
120
110
70
49
4
51
74
77
70
64
58
49
38
30
26
20
17
19
18
16
13
11
9
5
2
2
0
0
0
0
0
2
2
4
4
4
5
5
6
6
8
8
8
8
8
8
9
9
10
10
11
11
11
11
11
11
11
12
12
12
11
12
12
12
12
11
11
12
11
11
11
12
12
12
12
12
12
12
13
12
13
14
14
14
14
14
14
14
14
15
14
14
14
14
14
14
15
15
15
15
15
15


