4
53
49
64
98
151
173
178
145
129
115
140
160
184
164
65
156
205
180
139
125
124
144
140
117
88
58
36
25
19
15
13
11
6
4
2
0
0
0
2
8
8
6
8
8
10
13
24
39
49
60
121
228
186
129
112
11
30
45
49
45
34
26
23
18
13
11
8
5
2
0
0
0
0
0
0
0
2
2
2
2
4
4
5
5
5
5
5
6
5
6
6
8
8
8
9
9
9
10
9
10
10
11
11
11
11
11
11
11
11
11
11
11
11
11
11
11
12
12
12
12
12
12
12
13
12
12
12
12
13
13
13
13
13
14
13
14
13
14
14
14
14
14
14
14
14
14
14
15
14
14
15
14
15
15
15
15
15
16
15


