90
75
63
58
47
34
20
2
0
0
0
0
0
0
0
0
0
0
0
5
13
13
16
25
45
41
30
20
16
19
19
15
12
13
14
14
11
5
2
2
2
0
0
2
5
2
2
2
4
5
9
11
13
18
28
39
47
47
49
49
43
39
32
12
4
0
0
0
2
2
2
5
6
8
11
24
30
43
110
96
99
74
26
2
6
9
9
6
5
2
0
2
4
5
6
9
9
11
11
12
12
12
13
13
13
13
14
14
14
14
15
14
15
14
15
15
15
15
15
15
15
16
16
16
16
16
16
16
16
16
16
16
16
17
17
17
16
17
17
17
17
17
17
16
17
16
17
17
17
17
16
17
17
17
17
18
17
18
18
17


