91
65
53
39
25
27
27
21
15
11
2
11
86
403
551
633
635
488
192
4
99
142
159
171
179
180
186
186
178
151
120
90
71
63
58
53
47
43
41
39
36
36
34
32
29
24
23
23
21
20
20
19
19
16
14
9
0
16
15
14
19
11
15
29
36
39
39
36
30
26
23
20
19
16
14
12
11
11
10
10
10
8
6
6
5
5
5
4
4
2
2
0
0
0
0
0
0
0
0
0
0
0
0
0
0
2
2
2
2
2
2
2
4
4
4
4
5
4
5
5
5
5
5
6
6
6
6
6
6
8
9
8
9
8
9
10
10
10
9
9
9
10
9
10
10
11
11
11
11
11
11
11
11
11
11
11
11
11
11
11


