155
171
170
170
178
143
116
85
26
91
138
180
203
218
221
215
234
265
307
340
377
375
315
245
161
83
43
20
4
75
241
415
483
455
410
401
389
371
348
300
83
96
202
269
287
302
298
263
210
160
111
75
60
43
27
13
6
2
0
0
0
0
5
9
11
11
12
13
13
12
15
17
18
20
25
39
41
45
49
53
56
60
61
49
41
29
2
13
17
14
5
0
0
5
10
11
12
13
13
13
14
15
16
17
17
18
17
16
17
18
19
20
19
20
20
20
20
20
20
20
20
20
20
20
20
20
20
20
20
21
20
21
21
21
21
21
21
23
21
23
21
21
21
21
23
23
21
21
21
21
21
21
23
21
21
21
20
21
20
20


