36
61
125
200
260
219
137
99
129
153
161
233
315
344
337
319
284
221
138
79
18
121
242
300
368
432
395
384
348
258
161
138
53
188
340
404
452
452
419
389
357
293
180
107
68
49
41
38
36
34
30
25
20
20
18
10
2
2
2
2
2
2
0
0
0
0
0
0
0
0
0
0
0
0
0
0
2
5
5
5
4
4
2
0
0
0
0
0
0
2
2
4
5
5
5
5
5
5
5
6
6
6
6
8
8
9
9
10
10
10
11
11
11
11
11
11
11
11
11
11
11
11
12
11
12
12
12
12
12
12
12
13
12
12
13
13
13
13
13
13
13
13
13
13
14
14
14
14
14
14
14
14
14
14
14
14
14
14
15
15


