120
91
11
53
96
107
125
139
154
178
218
260
245
186
106
47
12
0
0
0
0
2
8
21
26
26
27
36
54
99
229
337
313
241
51
11
49
69
74
63
36
16
6
2
0
0
5
10
25
73
77
45
38
41
45
47
43
43
47
54
17
30
43
34
20
11
2
0
2
8
11
12
13
13
15
14
14
16
17
17
18
18
19
19
18
19
20
20
20
20
20
20
20
20
20
20
21
21
21
21
21
20
14
12
13
13
14
14
13
11
11
15
15
15
15
15
14
15
15
15
15
11
12
13
13
13
13
14
14
14
15
14
15
15
16
15
16
16
16
16
16
16
16
15
16
16
16
16
17
17
17
17
17
16
17
17
17
17
17
17


