266
197
115
70
20
114
195
253
252
217
214
210
200
140
78
34
116
128
145
155
179
181
175
178
208
233
225
179
104
49
24
12
6
2
2
38
78
56
58
107
213
260
273
313
320
353
362
251
49
258
271
77
45
34
30
29
27
23
19
16
14
11
11
11
9
6
5
2
2
2
0
0
0
0
0
0
0
0
2
2
2
2
4
5
5
5
5
5
5
9
11
9
10
9
9
10
10
10
11
10
9
8
6
6
6
8
9
9
10
10
10
11
11
11
11
11
11
11
11
11
11
11
12
12
12
12
12
12
13
13
12
12
12
12
13
13
13
13
13
14
14
14
14
14
14
13
15
15
15
14
15
15
15
15
14
15
15
15
15
15


