178
233
280
310
355
403
408
348
223
128
85
58
41
30
20
15
9
4
14
32
32
43
82
242
352
362
329
366
404
326
225
120
39
162
262
326
345
329
256
136
108
91
71
61
53
47
41
34
30
32
25
12
2
0
6
20
18
16
15
16
16
17
20
23
21
23
27
32
32
39
38
0
24
32
30
24
15
6
4
0
2
5
8
8
9
10
9
11
11
11
12
12
12
12
12
13
13
14
13
15
14
14
13
13
14
14
14
14
15
14
14
14
14
15
15
16
15
15
15
15
16
16
16
15
15
16
15
15
16
15
15
15
15
15
15
16
15
15
15
15
15
16
15
16
16
16
15
16
15
15
15
16
15
16
15
15
16
15
16
15


