58
43
36
25
11
2
23
26
39
91
210
355
370
380
373
347
268
223
192
23
193
280
322
328
344
368
344
266
184
106
60
43
28
13
4
0
5
11
29
25
23
21
21
25
27
30
24
23
34
74
138
173
60
30
56
61
43
21
10
2
0
2
4
6
10
11
12
11
12
12
12
13
14
15
16
18
21
24
21
21
21
23
21
21
23
23
21
19
20
23
20
12
10
8
9
10
11
11
13
13
13
13
14
15
15
15
16
17
16
17
17
17
17
17
17
18
17
17
18
18
18
18
17
17
17
17
17
17
17
17
17
17
17
16
16
19
19
20
20
20
20
19
20
19
19
20
20
20
20
19
19
19
20
20
19
19
19
19
19
20


