53
53
51
51
51
51
49
49
49
47
47
47
47
47
47
47
47
45
45
45
45
45
45
43
43
43
41
38
36
34
34
34
15
75
83
95
124
110
87
49
30
27
24
23
24
21
21
24
25
25
26
27
28
30
32
36
99
95
120
49
2
25
25
36
36
34
36
41
41
39
14
20
60
58
56
58
70
74
117
153
159
156
156
154
152
148
144
144
144
144
144
147
159
164
165
164
162
161
160
158
156
154
153
151
148
147
145
144
143
140
138
137
136
134
132
130
128
128
127
128
125
124
123
121
120
117
116
115
114
112
111
108
107
106
104
103
102
101
99
99
98
96
95
95
92
91
91
90
88
87
87
86
85
83
82
81
79
79
78
78


