34
160
252
239
245
243
223
217
192
155
70
71
209
265
287
308
315
273
211
12
21
25
26
25
24
24
26
28
27
26
26
26
26
27
28
54
107
137
143
143
138
136
168
245
319
333
348
302
99
73
137
168
184
179
160
127
99
78
60
39
20
10
2
0
4
6
9
12
14
16
17
18
17
17
18
20
20
20
21
20
20
20
23
32
32
32
32
32
32
32
32
34
32
32
32
32
32
32
32
32
32
32
32
30
32
32
30
32
32
30
32
30
30
30
30
30
30
30
29
29
30
30
29
29
29
28
29
28
29
28
28
28
28
28
28
28
28
27
28
36
38
38
36
38
36
36
36
36
36
36
36
36
34
34
34
34
34
34
34
34


