12
2
13
9
11
30
61
94
140
209
234
245
258
289
302
280
182
61
195
211
186
156
129
112
102
94
85
64
56
49
47
43
38
32
26
19
17
15
12
9
5
4
2
2
0
0
0
6
6
6
9
13
23
34
39
47
70
125
200
222
148
82
36
34
71
78
70
56
43
30
23
18
14
11
10
8
5
2
2
0
0
0
0
0
0
2
4
5
6
8
8
9
9
10
10
11
10
11
11
11
10
10
11
11
11
11
11
11
12
12
12
12
13
13
13
13
13
13
14
13
14
14
14
14
14
14
14
14
14
15
15
15
15
14
15
15
15
15
15
15
16
15
16
16
16
16
16
16
15
16
17
16
17
16
16
16
17
17
17
17


