280
331
333
344
340
333
296
212
152
103
74
53
38
30
14
2
4
4
4
5
9
32
75
103
163
254
406
471
366
170
78
179
195
161
103
75
64
60
58
53
51
45
41
34
30
25
20
16
14
11
9
6
4
2
0
2
14
14
11
11
14
23
24
20
14
14
17
19
18
12
14
20
15
0
9
10
9
6
2
0
0
0
0
0
0
2
5
5
5
5
6
8
8
9
10
11
11
11
11
11
11
11
11
11
12
12
12
12
13
14
14
14
14
14
14
14
14
15
14
15
14
15
15
15
15
15
15
15
15
15
16
16
16
16
15
16
16
16
16
16
16
16
16
16
16
16
16
17
16
17
16
16
16
16
17
16
16
17
17
17


