287
317
331
345
377
403
419
392
375
310
295
263
186
82
70
254
375
406
348
305
324
256
220
152
28
74
120
169
201
223
258
293
317
337
308
256
189
123
70
47
32
20
10
2
23
24
24
24
26
39
85
253
590
690
685
650
600
410
64
111
184
214
225
220
189
159
131
103
82
61
49
39
32
27
21
18
14
11
10
8
5
5
5
4
4
2
0
0
0
5
5
5
5
5
5
5
5
5
6
6
6
6
5
6
6
6
8
8
8
8
9
9
9
9
9
10
10
10
10
10
10
11
11
11
11
11
11
11
11
11
11
11
11
12
12
12
12
12
12
12
12
12
13
12
13
13
13
13
12
13
13
13
13
14
13
13
14
14
13
14


