583
452
453
470
437
378
295
14
186
263
342
392
413
432
426
366
228
83
21
15
19
20
20
20
20
21
24
43
69
65
61
73
87
115
212
377
422
395
293
60
138
223
236
192
153
129
106
82
64
49
36
27
20
14
8
2
0
8
20
30
26
24
24
24
23
21
23
23
21
21
21
21
21
21
21
21
18
14
12
14
15
15
15
15
15
16
16
17
18
19
19
19
19
19
20
23
23
23
23
23
23
21
21
23
21
23
21
23
23
23
23
23
21
23
23
21
21
21
21
21
20
21
21
21
21
21
20
21
21
21
21
21
20
20
20
21
20
20
21
20
20
20
20
21
20
20
20
20
20
20
20
20
20
20
20
20
20
20
20
20


