352
227
128
88
74
69
70
74
74
71
54
32
144
155
131
101
78
117
234
437
483
408
322
191
78
188
227
247
233
173
103
61
49
43
41
39
36
36
34
32
30
30
30
29
28
27
25
20
16
14
14
14
13
13
12
12
11
11
11
11
10
10
9
10
13
14
18
17
15
13
12
11
11
11
9
8
6
5
5
5
5
4
2
0
0
0
0
0
0
0
2
2
2
2
2
2
4
4
4
4
5
5
5
5
5
5
5
5
6
4
5
5
5
5
6
6
6
8
6
8
8
8
9
9
10
9
10
10
9
11
11
10
11
11
11
11
11
11
11
11
11
11
11
11
11
11
12
12
12
12
12
13
13
13
13
12
13
13
13
13


