206
225
271
319
432
541
545
461
307
164
101
70
49
20
24
130
144
194
229
284
461
553
485
286
220
203
123
36
96
124
150
191
212
229
262
253
213
160
100
56
36
26
17
6
0
6
11
14
16
18
24
39
58
54
58
64
75
82
87
91
94
107
96
91
60
30
78
82
60
32
11
4
0
6
12
15
18
19
20
18
19
20
23
23
24
24
24
23
24
24
25
25
26
25
25
25
24
25
26
26
26
26
27
25
25
25
26
26
26
25
26
25
25
25
25
25
26
26
26
25
25
24
25
25
25
25
25
25
24
24
25
25
25
24
24
24
24
24
24
24
24
24
24
23
24
23
24
23
24
24
24
23
24
23
23
23
23
24
23
23


