448
474
508
472
326
201
137
92
70
58
45
36
30
25
11
24
28
28
21
115
492
488
439
382
322
296
256
155
87
254
373
419
439
446
394
362
315
214
111
64
43
32
23
19
16
11
0
18
28
26
28
34
30
28
27
36
74
266
268
168
165
34
68
123
150
152
143
117
70
34
18
11
5
2
0
2
5
6
8
9
10
11
14
20
20
19
19
18
18
18
18
17
18
17
18
11
9
6
5
6
9
11
11
13
13
13
14
15
16
16
17
17
17
17
17
17
17
18
18
19
18
19
20
20
20
20
20
20
20
20
20
20
20
20
20
20
19
18
18
18
18
18
18
18
18
18
18
18
18
18
19
19
19
19
20
19
19
19
20
19


