307
361
298
191
107
56
74
203
296
375
464
488
468
389
156
91
49
20
14
13
12
11
10
8
8
2
11
4
2
2
2
2
2
2
6
36
286
350
179
5
70
138
175
163
124
82
56
38
27
16
10
5
2
0
0
0
2
5
10
14
12
12
12
12
12
11
12
12
12
12
12
13
13
13
11
9
8
9
9
9
9
10
10
11
11
12
12
12
12
12
13
12
12
13
14
14
14
14
14
14
15
15
15
15
16
16
15
16
16
16
16
17
17
16
16
17
16
17
17
18
17
17
17
17
17
17
17
17
18
17
17
18
17
17
17
18
18
18
18
18
18
18
18
18
18
18
18
18
19
19
19
18
18
19
18
18
19
18
18
18


