338
315
256
175
91
38
29
197
399
352
268
282
373
404
413
403
386
382
300
98
319
268
131
106
99
95
91
90
101
101
98
82
69
53
32
21
13
6
6
5
8
5
0
5
8
11
19
23
24
26
29
29
27
34
32
29
25
21
25
26
11
6
11
9
8
4
0
2
6
10
11
11
11
12
14
16
20
20
19
18
17
18
18
17
17
18
18
19
18
19
18
18
18
19
20
20
19
19
19
19
18
20
20
19
19
20
20
19
20
20
20
20
20
20
20
20
20
20
20
20
20
20
20
20
20
20
20
20
20
20
20
20
20
20
20
20
20
20
20
20
20
20
20
20
20
21
21
20
20
20
20
20
20
20
20
20
20
20
20
20


