205
368
457
613
101
260
308
287
226
124
74
68
58
8
170
237
252
253
266
235
178
99
49
58
177
221
265
291
313
324
326
319
241
154
98
96
82
70
56
43
29
11
5
5
4
4
4
2
2
2
2
0
11
263
241
82
27
87
121
115
101
69
41
29
21
17
13
12
10
5
4
2
0
0
5
14
10
6
6
5
6
6
6
6
6
8
6
8
8
9
9
9
2
6
6
5
2
0
0
2
2
5
6
8
9
9
10
10
9
10
10
11
11
12
14
14
14
14
14
14
14
14
14
14
15
15
15
16
14
15
15
15
13
14
14
14
13
14
14
15
15
15
15
15
15
15
16
15
15
15
16
16
16
16
16
16
16
16
16
16


