404
432
420
368
251
125
90
64
39
2
123
142
161
180
252
452
564
551
464
466
386
49
100
144
179
196
203
273
295
253
184
127
83
64
45
27
11
2
2
5
10
9
11
16
20
25
41
73
64
63
63
64
70
70
68
61
51
0
39
49
34
16
4
4
10
11
13
15
20
21
24
25
24
25
24
24
25
26
27
27
27
27
27
26
26
27
27
27
27
27
27
27
26
26
27
27
27
27
27
27
27
27
26
26
26
27
27
27
27
26
26
26
26
26
26
26
26
26
25
26
25
26
26
26
26
25
24
25
25
25
25
25
25
25
25
24
25
25
25
25
24
24
24
24
24
24
24
24
24
24
24
24
24
23
24
24
24
23
24
23


