328
308
326
410
54
156
260
319
220
117
90
81
78
79
81
82
77
73
66
36
11
14
71
58
43
36
53
98
163
203
263
317
331
275
202
58
203
287
277
215
173
131
83
54
41
32
28
25
23
18
14
11
8
6
5
5
2
2
11
11
11
11
13
13
15
14
12
12
11
9
8
11
10
2
15
21
20
16
13
11
6
0
0
2
4
5
5
5
5
8
9
9
10
10
10
10
10
11
11
11
12
14
15
14
15
15
15
15
15
15
15
15
15
15
14
12
12
12
12
12
12
12
12
13
13
14
14
14
14
14
14
14
14
15
16
16
15
15
15
15
15
15
16
16
15
16
16
16
16
17
17
17
17
18
17
18
17
17
17
17


