74
53
38
29
20
11
4
2
0
6
9
13
20
38
32
30
30
30
29
28
27
28
28
28
32
49
20
9
11
10
6
0
6
11
14
17
17
17
18
20
20
21
21
23
21
20
21
21
23
24
23
24
23
21
23
23
24
24
24
24
24
24
27
26
26
132
195
49
21
20
20
20
18
17
14
14
14
13
14
17
15
16
17
18
18
18
16
17
18
18
19
19
19
19
19
19
20
20
20
20
20
20
20
20
20
20
20
20
20
20
20
20
20
20
19
20
20
20
20
20
20
20
20
20
20
20
20
20
20
20
20
20
20
20
20
20
20
20
20
20
20
20
20
20
20
20
20
20
20
20
20
20
20
20
20
20
20
20
20
20


