324
293
271
359
399
453
582
694
531
220
106
204
296
202
81
60
51
43
34
29
29
26
26
26
25
25
26
24
23
23
23
29
30
30
8
45
29
17
20
25
30
23
15
10
5
17
23
41
79
75
4
60
100
115
106
91
74
56
41
29
21
17
9
2
0
0
0
2
2
2
4
5
5
6
6
9
9
10
13
13
14
14
14
13
13
14
13
11
9
8
8
10
10
11
11
11
11
12
12
13
13
14
13
13
13
13
14
14
13
14
14
14
14
15
15
15
15
15
15
15
15
16
16
16
16
15
16
16
16
16
16
16
16
16
16
17
17
17
17
17
16
17
17
17
17
17
17
18
18
17
18
17
18
17
17
18
18
18
18
18


