96
168
184
202
168
152
150
151
162
156
121
32
39
70
121
58
27
24
43
137
165
186
170
163
144
124
115
112
128
173
194
220
212
180
162
148
124
69
0
74
153
221
273
305
313
331
329
305
278
144
56
201
265
262
229
186
140
101
71
58
36
29
26
19
9
0
2
6
10
11
11
12
13
14
15
16
17
18
18
20
21
23
23
21
21
21
21
21
21
21
21
21
20
21
21
21
21
20
21
21
20
21
21
21
21
21
21
21
21
20
21
21
20
20
20
20
20
20
20
20
20
20
20
20
20
20
20
20
20
20
20
20
20
20
20
20
20
20
20
20
20
20
20
20
20
20
20
20
20
20
20
20
20
20
20
20
20
20
20
20


