0
0
0
8
82
313
419
512
513
504
445
194
106
139
23
172
253
329
371
371
366
333
206
110
81
69
58
47
32
23
19
15
9
0
4
4
4
5
5
5
5
5
5
13
45
295
512
408
130
28
111
159
187
178
137
78
45
32
23
17
15
12
6
2
0
0
9
9
9
9
10
9
10
10
10
10
10
10
11
11
11
11
11
11
11
11
5
2
0
0
4
5
5
6
6
6
8
8
10
11
11
11
11
11
12
15
15
15
15
14
15
15
15
15
14
15
15
16
15
15
16
16
15
16
15
16
16
16
16
16
16
16
16
16
16
16
16
16
17
17
16
17
17
16
17
17
17
17
17
17
17
17
17
17
17
17
17
17
17
17


