51
49
49
49
30
6
11
30
63
239
457
648
752
765
751
741
697
637
633
373
111
307
429
504
515
466
392
300
197
124
81
58
45
34
23
12
8
5
4
0
0
0
6
15
15
19
36
70
103
181
273
378
347
244
49
56
81
99
100
88
73
56
41
29
23
19
12
9
6
4
2
2
2
2
0
0
2
2
2
2
2
2
4
5
5
5
5
6
5
5
6
6
8
8
9
9
8
8
9
10
10
10
11
11
10
10
11
11
11
11
11
12
12
12
13
13
13
13
13
13
13
13
13
13
14
13
14
14
14
14
14
14
14
15
14
14
15
15
15
15
15
15
15
15
15
15
16
16
15
16
16
16
16
16
16
16
16
16
17
16


