287
87
178
115
96
88
82
74
66
53
39
30
24
20
18
14
9
5
2
0
8
25
36
53
111
212
271
348
317
15
169
193
164
135
107
78
49
36
30
25
23
21
19
13
4
2
6
11
14
26
36
47
56
66
110
121
107
99
88
10
139
175
134
91
63
38
25
19
15
12
10
9
8
5
2
2
0
0
0
4
4
4
5
5
5
5
5
5
5
5
5
5
5
6
6
6
8
8
8
8
8
9
8
5
5
5
5
5
5
5
5
6
8
9
9
9
9
9
10
11
11
12
12
12
12
12
13
12
13
13
13
13
13
13
13
13
13
13
14
14
14
14
14
14
14
14
15
14
15
15
14
15
14
15
15
15
15
15
15
16


