139
179
103
32
26
28
83
202
302
320
322
328
350
355
350
320
229
129
43
79
284
353
364
362
352
324
347
350
225
81
239
315
337
319
307
287
254
204
153
102
58
38
20
6
2
9
13
15
16
20
28
34
34
34
34
34
34
36
39
60
138
186
172
150
25
34
47
32
12
0
5
9
11
12
16
18
20
20
20
21
20
20
21
23
23
24
24
24
23
23
24
25
24
24
25
24
24
24
24
25
25
25
25
24
24
24
24
24
25
24
25
24
24
24
23
24
23
24
23
23
23
23
23
23
23
24
23
23
23
23
23
23
23
23
23
23
21
23
23
23
23
23
23
23
21
23
23
21
21
21
23
23
21
21
21
21
21
21
21
21


