352
380
424
501
594
670
622
495
277
120
63
36
20
0
23
82
99
120
177
355
589
628
569
648
698
624
457
41
176
268
300
322
401
395
287
170
107
74
47
30
19
11
2
2
0
10
15
16
20
24
30
75
111
114
117
124
120
120
108
100
100
99
91
78
4
88
112
117
103
73
41
16
5
2
4
4
9
15
18
20
20
21
21
20
24
25
26
26
26
26
25
25
26
27
26
27
27
27
26
25
26
27
27
27
27
27
27
26
26
26
26
27
27
27
26
26
25
26
26
26
26
26
26
26
26
25
26
26
26
26
26
26
25
25
26
25
25
25
25
25
25
25
25
25
25
25
24
24
24
24
24
24
24
24
24
24
24
24
23
24


