56
47
12
233
350
315
355
342
268
250
250
110
178
375
501
531
512
422
263
138
101
82
69
53
34
28
20
17
10
0
2
2
2
2
2
4
2
4
4
14
86
359
406
236
8
104
143
144
88
53
34
27
20
16
14
10
8
5
2
2
0
0
0
9
11
8
6
6
5
6
6
6
6
8
8
8
8
9
8
9
9
9
9
6
0
2
2
2
2
0
0
0
2
5
5
6
6
6
9
10
10
11
11
11
12
11
11
11
12
13
15
15
15
14
15
15
15
15
15
16
15
16
15
15
15
15
15
16
15
15
15
16
16
16
16
16
16
16
16
16
16
16
16
17
16
16
16
17
17
16
17
16
17
17
17
17
17
17
17
17


