519
571
492
635
457
371
350
361
254
24
137
104
70
112
150
203
221
211
238
315
417
410
247
140
114
81
45
29
71
81
134
172
289
618
552
437
280
242
271
124
208
390
250
54
30
24
19
19
19
20
20
20
24
30
32
29
27
25
24
23
13
2
0
4
11
53
74
58
56
61
103
53
14
9
0
4
20
34
34
32
29
25
18
11
9
5
0
5
6
8
10
11
11
11
11
11
12
13
14
14
14
14
14
14
14
15
16
16
16
17
17
16
16
16
16
17
17
17
17
17
17
17
17
17
18
18
18
18
18
18
18
18
19
19
19
19
19
18
18
18
18
18
19
19
19
19
19
19
19
19
19
19
18
19
20
19
20
19
19
19


