30
56
139
350
488
392
271
128
100
138
262
56
227
397
429
399
344
233
81
0
10
11
11
12
13
14
15
16
16
17
16
19
20
21
32
34
30
30
27
25
26
26
28
34
78
197
287
201
36
53
87
92
83
60
34
24
13
2
2
5
9
10
11
11
11
12
14
15
15
16
16
15
15
17
19
23
23
20
20
20
20
20
20
20
20
20
20
20
20
20
20
20
20
20
20
20
20
16
16
15
16
16
17
17
17
18
18
18
18
18
19
18
18
18
18
19
19
19
19
19
20
20
19
19
19
20
19
20
20
20
19
20
20
20
20
20
20
20
20
20
20
19
20
20
20
20
20
20
20
20
19
20
20
20
20
20
20
20
20
20


