129
238
250
266
308
275
280
250
181
61
82
220
305
392
476
530
544
468
313
154
73
36
21
11
2
13
28
45
53
53
51
51
51
49
56
167
326
430
317
137
69
139
108
53
29
10
2
13
17
20
20
23
24
26
28
32
34
32
28
26
27
29
30
32
32
32
32
30
30
30
32
32
36
36
34
34
32
32
32
32
32
32
30
24
23
25
26
26
27
27
28
28
28
28
28
29
28
28
28
28
28
28
27
28
28
28
28
28
28
28
27
27
27
27
28
27
27
27
28
26
27
26
26
26
26
26
26
26
26
26
26
26
25
25
25
25
25
25
25
25
25
25
25
25
25
24
24
24
25
24
24
24
24
25
24
24
24
24
24
24


