163
209
258
295
289
271
331
403
494
485
470
417
65
188
244
124
108
87
83
87
91
78
58
34
20
11
4
0
2
4
8
12
16
17
20
20
23
20
20
23
25
26
27
28
30
45
61
58
60
61
63
61
58
49
38
9
8
11
4
2
11
11
13
17
20
20
21
21
23
21
23
23
24
24
25
25
24
24
24
25
25
26
25
25
25
24
25
25
25
25
25
25
25
24
24
25
25
25
25
24
24
25
25
25
24
24
25
24
24
24
24
24
24
24
24
24
24
24
24
24
24
24
23
24
24
24
24
24
24
24
24
23
23
23
23
24
23
24
23
23
23
23
24
23
23
23
23
23
23
23
23
23
23
23
23
23
21
21
23
21


