102
79
68
56
43
34
27
20
11
16
20
21
27
30
51
64
70
65
34
30
47
43
32
65
63
167
184
151
91
51
34
24
19
15
11
6
4
0
0
0
0
0
2
4
4
4
2
0
0
0
9
9
11
12
15
21
25
24
20
18
20
14
24
36
25
15
10
4
2
0
0
0
0
0
0
2
5
5
5
5
5
5
5
6
8
8
9
9
10
10
11
12
12
13
13
14
13
13
13
12
12
12
12
11
9
6
6
8
8
9
10
11
11
11
10
11
11
11
12
12
12
12
12
12
13
13
13
14
13
14
14
14
14
14
14
14
15
15
15
15
15
15
15
15
15
16
16
15
16
16
16
16
16
17
16
16
16
16
16
16


