303
293
225
143
263
139
128
127
120
123
124
119
96
77
66
58
47
39
28
6
11
6
10
23
30
45
65
98
107
143
203
178
184
28
206
229
220
195
170
136
90
63
51
43
39
32
25
21
18
13
5
16
14
11
11
15
20
20
14
15
16
12
9
10
12
32
8
56
77
78
66
47
30
20
17
12
6
4
2
0
0
0
0
0
0
2
2
4
5
5
5
5
5
10
11
11
13
14
14
14
13
14
21
21
23
23
24
17
14
17
17
16
5
0
0
0
0
0
0
0
2
4
5
5
5
6
8
9
10
11
11
11
11
11
12
13
13
15
16
15
16
16
15
16
16
16
16
16
16
16
16
16
16
16
16
16
16
17
16
17


