156
313
373
408
417
403
389
280
161
111
87
73
63
43
45
300
422
468
430
366
361
410
439
410
335
194
111
357
541
534
142
78
74
74
69
65
65
65
65
61
58
56
51
51
49
49
47
41
34
12
15
24
26
24
23
21
12
27
83
186
225
172
29
78
125
150
145
134
108
77
58
49
39
32
29
27
24
20
19
18
16
15
15
14
12
10
8
8
8
6
6
6
5
5
5
5
5
4
4
2
2
2
2
2
4
6
8
9
8
5
5
2
2
2
0
0
0
0
0
2
2
2
2
2
2
2
4
4
4
5
5
5
5
5
6
6
6
6
6
8
8
8
8
8
8
9
8
8
9
9
9
10
10
10
10
10
10
11
10
11


