359
422
397
350
100
121
231
338
413
512
512
483
390
235
115
56
29
11
2
5
17
29
36
43
56
95
87
82
87
104
111
125
170
340
380
340
324
150
63
169
175
136
99
70
34
2
18
26
30
34
34
36
39
41
43
45
45
45
49
51
58
77
82
75
75
75
74
83
73
68
68
61
6
17
15
4
9
20
29
32
34
36
38
36
36
38
39
39
39
39
39
39
38
38
39
39
39
39
38
38
36
36
38
38
36
38
36
36
36
34
34
36
36
36
34
34
34
34
34
34
32
34
32
32
32
32
32
32
32
32
32
30
32
30
32
30
30
32
30
30
30
30
30
30
30
30
29
29
29
29
29
29
29
29
29
28
28
28
28
28


