202
161
119
111
95
77
77
116
53
56
78
79
77
75
101
70
41
45
61
99
124
184
181
146
127
128
140
144
159
165
161
138
128
70
21
99
170
250
300
310
333
355
362
394
426
313
0
252
432
432
352
266
181
127
88
61
38
30
23
11
5
4
0
0
4
5
9
10
9
9
11
14
14
16
15
16
16
19
20
20
20
20
20
20
20
20
20
20
20
20
20
20
20
20
20
20
20
20
20
20
20
20
20
20
20
20
20
20
20
20
20
20
20
20
20
20
19
20
20
20
20
19
20
20
20
20
20
20
20
20
20
19
19
20
20
20
19
20
20
20
20
20
20
20
19
20
20
20
20
19
20
20
20
20
20
20
20
19
20
20


