472
471
587
633
558
429
60
331
476
526
520
510
347
90
58
51
49
45
47
49
43
38
49
51
32
5
82
120
91
87
99
120
127
148
185
144
116
128
169
154
145
148
289
307
278
212
137
86
58
47
32
17
10
5
2
0
0
0
2
5
6
8
9
10
12
15
34
38
39
41
51
47
41
39
34
28
28
32
21
0
23
39
41
25
11
2
0
5
5
6
9
12
12
13
14
15
14
13
14
16
16
16
16
17
16
16
16
17
17
17
17
18
17
17
18
18
17
18
18
18
18
18
19
19
19
18
18
18
19
19
18
18
19
19
19
19
20
19
19
19
19
19
20
20
20
19
19
19
19
19
19
20
20
20
19
20
19
19
19
20


