415
417
417
408
200
92
78
70
69
65
61
51
53
56
51
41
0
45
19
11
9
9
6
5
14
77
107
131
271
300
308
160
88
171
198
150
98
85
81
79
77
73
74
58
29
18
12
10
6
5
0
9
30
43
38
32
30
28
28
24
19
16
16
19
5
23
54
63
47
28
16
10
5
2
2
0
0
2
4
5
6
8
8
6
6
10
9
10
11
11
11
11
11
11
11
12
12
12
13
14
16
16
15
15
16
16
15
15
16
16
15
16
16
16
16
16
16
16
16
14
14
15
15
14
14
15
15
15
11
5
5
5
5
5
5
5
6
6
8
6
6
8
6
8
8
9
9
9
9
9
10
11
11
11
10
11
11
11
11
11


