86
65
211
313
406
516
527
535
595
561
386
206
125
87
65
51
39
34
19
8
247
548
600
522
445
386
428
348
138
64
73
243
329
375
305
326
357
428
128
20
14
12
12
11
10
8
5
5
0
0
34
38
41
181
313
331
340
333
284
225
212
162
120
355
65
29
25
24
24
23
23
20
20
20
20
20
24
23
23
21
20
20
20
17
17
15
13
11
11
11
9
9
9
9
8
8
8
6
5
5
5
5
5
4
4
23
30
32
34
36
34
29
25
18
12
9
9
10
10
9
6
5
2
0
0
0
0
0
2
2
4
5
5
5
5
5
5
6
8
8
9
9
8
9
10
11
11
11
11
11
12
12
13
12
12
12
12
12
12
12


