324
277
252
239
211
192
131
4
103
172
225
262
284
331
370
422
382
231
111
68
51
39
29
16
9
41
43
43
43
43
43
49
63
78
189
307
329
184
11
51
79
82
70
54
36
15
8
0
5
12
16
18
20
20
20
20
24
26
29
36
34
32
32
32
32
32
30
30
30
30
30
30
29
30
25
25
24
24
24
24
24
24
23
24
25
26
25
25
30
39
38
39
39
39
39
39
39
39
38
38
38
39
38
38
38
36
36
36
36
36
36
36
36
34
34
34
34
34
34
34
34
32
32
32
32
32
32
32
32
32
32
30
30
32
30
30
30
30
30
30
30
30
29
30
29
29
29
29
28
29
29
28
28
28
28
28
28
27
28
28


