66
127
167
180
193
225
238
295
373
390
263
151
101
64
38
32
32
23
2
43
54
73
95
108
145
317
429
408
397
333
203
114
34
236
310
300
220
106
65
43
34
28
25
23
18
13
11
12
9
8
5
5
4
0
0
5
6
6
8
8
8
8
10
13
24
20
16
13
13
13
12
13
12
13
13
8
5
5
5
8
10
11
11
11
11
11
12
12
12
14
14
14
13
13
14
14
14
14
15
15
15
15
15
15
15
16
15
16
16
15
16
16
16
17
16
16
16
16
16
16
16
16
16
17
17
17
17
17
17
17
17
17
17
17
17
17
17
17
17
17
18
17
18
17
18
18
18
18
17
18
18
18
18
18
18
18
18
17
18
18


