34
20
12
8
5
2
0
4
10
54
60
23
11
9
15
58
160
160
203
184
201
82
32
90
120
124
114
83
39
20
11
6
5
4
0
0
0
2
5
10
13
11
10
10
9
9
10
11
11
18
38
51
161
448
310
106
11
45
74
87
77
49
32
20
11
6
5
2
2
2
0
0
0
2
2
4
8
9
8
8
8
8
8
8
8
8
9
9
9
9
10
10
11
11
8
2
0
0
2
2
5
5
8
9
9
10
11
10
10
11
11
13
14
13
14
13
13
13
13
14
14
14
14
14
14
14
15
14
14
14
15
14
15
15
14
12
12
13
13
12
13
13
13
14
14
14
14
14
15
16
16
17
16
16
17
17
16
16
16
17


