186
86
187
237
265
308
366
434
485
488
466
364
227
120
56
25
8
0
11
25
51
81
85
124
245
394
492
499
564
519
530
100
77
145
189
205
217
250
243
170
102
60
38
24
11
0
4
9
11
13
13
14
18
21
26
41
69
56
56
63
74
91
107
112
124
110
82
41
47
86
81
53
26
11
2
0
5
11
13
15
17
18
20
19
19
20
21
23
24
24
24
25
23
21
23
26
28
26
23
21
25
26
25
24
24
24
25
25
25
25
25
24
24
25
24
25
25
25
25
25
24
25
25
25
25
25
25
25
25
24
25
24
24
25
24
25
25
24
24
24
25
24
24
24
24
24
24
24
23
24
24
24
24
24
24
23
24
23
23
24


