153
63
41
86
234
338
387
382
419
245
66
21
18
18
19
19
18
17
17
16
14
12
9
5
2
70
14
2
24
53
328
457
305
58
184
215
184
143
96
61
49
39
30
23
16
12
4
26
21
11
2
0
0
0
0
0
0
0
0
2
0
0
19
32
32
23
13
8
4
0
0
0
0
2
4
5
5
8
10
10
11
11
11
11
11
11
11
11
11
11
11
11
11
11
12
11
12
12
8
6
5
6
9
9
9
10
11
11
11
11
11
12
11
12
12
13
13
14
13
14
15
15
15
15
15
15
16
16
16
16
16
16
16
16
16
16
16
16
17
16
16
17
16
17
17
17
16
17
16
16
17
17
17
17
17
17
17
17
17
17


