284
319
364
364
260
130
70
47
39
34
30
21
11
0
17
14
13
15
23
39
108
265
298
333
335
201
27
47
128
191
223
219
173
106
69
45
25
13
8
5
2
0
0
4
12
32
21
16
15
15
14
14
14
14
15
16
18
20
19
27
58
30
29
45
30
14
5
0
5
9
10
11
11
13
13
12
13
14
15
16
16
16
17
17
20
20
19
19
20
20
20
19
19
20
20
19
19
19
19
19
19
19
18
19
20
19
19
19
15
14
15
15
16
17
16
16
17
17
17
18
18
18
18
18
19
19
19
20
20
20
20
20
20
19
20
20
20
19
20
20
20
20
20
20
19
20
20
20
19
20
19
20
19
20
20
20
20
19
20
20


