210
119
45
204
370
417
422
464
490
582
603
590
481
284
139
78
56
36
11
19
60
95
92
103
130
184
258
408
499
520
364
6
115
143
156
153
139
115
68
27
6
0
5
15
26
36
79
78
69
70
73
79
92
95
82
78
81
87
101
39
56
87
82
60
30
11
0
12
19
23
26
27
30
29
29
30
32
34
34
34
34
34
34
32
34
34
34
34
34
34
34
34
34
32
34
34
32
34
34
34
32
32
32
34
39
39
41
41
41
39
39
38
36
34
32
25
23
23
23
23
23
24
25
25
26
27
28
27
27
26
27
27
27
27
28
28
27
27
27
27
27
27
27
27
27
27
26
26
27
26
26
27
26
26
25
26
26
26
26
26


