103
64
49
38
20
111
302
359
371
386
371
310
289
324
324
0
361
579
697
712
687
600
408
198
103
91
61
30
14
5
0
2
5
11
20
25
24
23
23
36
439
362
289
282
310
335
284
182
11
90
121
165
188
243
317
377
386
271
148
88
47
19
5
0
5
10
11
15
30
32
30
30
30
30
30
30
30
29
29
29
29
29
29
29
27
13
5
0
2
5
11
13
15
18
21
23
24
25
25
26
26
28
30
29
29
29
29
29
28
28
28
28
28
28
28
27
27
27
27
27
27
26
27
26
26
26
26
19
20
20
21
21
21
23
24
23
23
23
24
23
23
24
24
24
24
24
24
24
24
24
24
23
24
24
24
24
24
24
24
24


