576
471
296
163
102
75
53
27
4
12
26
61
71
70
90
146
176
170
169
169
170
212
193
181
182
78
192
193
159
128
112
87
45
13
0
10
16
17
20
23
27
30
32
32
34
34
34
32
32
34
36
36
36
36
36
36
34
34
36
36
34
36
36
39
45
45
45
45
51
53
58
56
49
47
45
43
24
11
9
11
13
15
18
21
24
26
27
27
28
27
27
28
28
28
29
29
29
29
28
28
28
28
28
28
29
28
28
28
28
28
28
27
28
28
27
27
27
27
27
27
28
27
27
26
26
26
26
27
26
26
26
26
25
25
26
25
26
25
25
25
25
25
25
25
25
25
25
24
25
24
24
25
24
24
24
24
24
24
24
23


