45
21
5
0
2
4
2
0
0
2
0
2
2
6
0
0
5
5
5
4
5
4
5
8
11
19
36
53
51
51
53
51
47
51
49
43
34
14
5
0
2
0
2
2
0
2
2
0
0
2
5
6
6
8
11
12
15
14
15
15
19
29
43
60
68
65
66
68
74
63
36
6
15
34
24
17
12
4
0
2
2
6
6
10
11
14
14
12
15
15
15
15
15
14
13
15
15
15
15
15
14
14
15
16
16
16
16
15
15
16
15
16
17
16
16
16
16
16
17
17
16
16
17
17
17
17
17
16
16
17
16
18
17
17
16
16
17
16
17
17
16
16
16
16
16
16
16
15
16
16
16
16
16
15
15
16
15
16
15
14


