68
107
153
165
175
163
168
184
212
302
452
481
413
287
153
81
41
17
0
19
53
45
43
45
54
91
201
266
263
319
221
26
56
132
134
125
104
56
20
5
4
8
11
14
19
21
24
25
27
29
43
56
39
36
36
36
36
34
34
34
34
39
45
56
117
54
2
13
11
0
6
11
14
17
20
23
23
24
25
26
25
25
26
27
27
27
27
27
27
26
27
27
27
26
27
27
26
26
26
26
27
26
26
27
27
26
26
26
26
26
26
26
26
25
26
25
25
25
25
25
25
25
25
25
25
24
24
25
25
25
25
24
24
24
24
24
24
25
24
24
24
24
24
24
23
24
24
23
23
23
23
23
23
23
23
23
23
24
23
23


