286
348
422
512
587
652
590
362
182
142
100
64
45
19
14
82
91
85
100
218
519
524
526
432
293
256
212
38
82
140
210
273
352
357
303
238
155
69
30
11
2
2
9
17
24
27
29
30
32
34
36
38
39
43
51
90
90
92
107
120
131
132
130
127
117
103
94
41
43
85
88
61
32
15
2
5
14
20
23
24
27
27
26
28
30
32
32
32
32
32
32
30
32
32
32
32
32
32
32
32
32
32
32
32
32
32
30
30
30
30
30
30
30
30
30
30
30
30
30
30
30
30
30
29
29
29
29
28
29
29
29
28
29
28
28
28
28
28
28
28
28
27
27
27
27
26
27
27
26
26
26
26
26
26
26
26
26
26
26
25


