373
380
328
266
103
56
65
137
217
265
235
153
128
173
315
399
364
350
375
308
197
134
98
61
65
298
352
380
362
320
253
192
120
36
135
189
246
251
305
352
395
371
256
135
85
56
45
34
14
9
130
345
448
494
516
504
492
494
468
397
136
164
311
403
411
370
256
150
106
87
70
51
39
32
27
24
20
18
14
11
8
5
4
2
2
0
0
0
0
0
2
2
2
4
2
2
4
4
5
5
5
5
6
6
6
6
8
8
8
9
9
9
9
9
10
10
10
10
10
10
11
11
11
11
11
11
11
12
11
11
12
11
12
11
12
13
13
13
13
14
13
14
13
14
13
14
14
14
14
14
14
14
14
14
15
15
15
15
15
15


