252
302
335
352
293
163
82
45
24
2
5
15
27
107
253
328
324
571
590
359
218
181
132
83
115
17
101
124
104
101
87
64
45
34
58
75
101
125
120
106
106
88
43
6
17
60
135
195
195
186
180
180
182
150
115
86
61
6
168
284
268
220
180
138
95
53
27
19
16
11
2
4
8
11
13
13
16
15
16
18
20
21
23
21
23
21
20
21
20
21
21
21
23
24
32
39
36
36
36
34
32
23
14
9
9
10
12
15
16
17
17
16
17
18
18
19
20
20
20
20
20
20
20
20
21
20
20
20
20
20
20
20
20
20
20
19
19
19
19
19
20
20
21
21
20
20
20
20
20
20
20
20
20
19
19
20
19
20
19
19


