153
99
228
284
254
146
111
115
107
104
102
99
92
56
20
5
39
51
47
53
56
58
70
87
99
102
114
134
153
156
173
87
153
235
241
210
160
108
65
47
34
21
12
6
4
2
0
0
0
5
9
9
10
12
12
13
19
27
27
29
30
34
39
39
47
43
39
30
30
29
19
0
11
15
14
11
8
0
0
5
8
9
11
13
14
16
16
17
17
16
17
18
18
20
19
20
20
19
20
20
20
20
24
23
21
23
23
23
23
23
23
23
21
20
17
17
16
15
15
16
16
17
17
16
16
17
18
18
18
19
17
17
17
17
17
17
18
17
18
18
18
19
19
18
17
18
18
19
18
18
18
17
17
17
18
19
19
19
20
20


