91
32
206
273
271
258
258
293
348
419
419
459
350
212
160
116
104
91
78
58
38
17
20
19
8
136
311
410
362
345
219
193
152
102
32
114
161
220
273
317
342
286
137
58
28
6
6
13
19
27
30
34
36
41
53
53
53
53
53
54
56
54
54
54
64
69
87
78
34
5
5
15
25
34
41
45
47
49
51
51
49
51
51
51
51
51
51
51
53
56
53
51
51
51
49
49
49
49
49
47
49
47
47
47
47
45
45
45
45
45
45
43
41
41
41
41
41
41
41
41
41
41
41
41
41
39
39
39
39
39
39
39
39
39
39
39
39
38
39
39
39
39
38
39
38
38
36
36
36
36
36
36
36
34
34
34
34
34
34
34


