82
82
91
153
134
185
262
263
225
226
175
65
179
189
144
96
53
26
12
4
0
5
5
10
14
18
20
21
23
24
23
23
25
26
27
27
28
28
30
29
30
41
64
56
51
51
56
51
53
45
39
36
41
23
0
10
8
0
8
14
17
20
21
21
21
21
24
25
25
26
26
25
25
25
26
26
26
26
26
25
25
25
26
26
26
26
26
26
26
26
26
26
27
27
30
30
29
29
29
26
21
21
23
23
23
23
23
24
24
24
23
23
23
24
24
24
24
24
23
23
23
24
23
24
24
24
24
23
23
23
23
23
24
23
23
23
23
23
23
23
23
24
23
23
23
21
23
23
23
21
23
23
21
23
23
23
23
23
23
21


