5
5
14
20
15
12
24
30
32
34
43
45
45
39
25
13
4
12
71
121
129
134
137
132
124
139
143
119
63
21
77
120
128
123
96
60
49
53
53
36
11
5
0
4
5
6
2
2
2
9
10
13
13
13
18
30
68
94
95
94
87
75
82
90
96
79
13
20
36
47
34
26
19
11
0
0
0
5
6
6
8
11
11
14
14
13
12
15
16
16
15
15
14
13
15
15
16
15
15
15
16
16
16
17
16
16
16
15
17
16
16
16
16
15
16
16
16
15
15
15
14
15
15
17
15
15
15
15
16
15
16
15
15
15
15
16
16
17
16
16
16
17
16
16
16
17
16
16
17
17
17
17
16
16
18
17
17
18
17
17


