32
6
102
253
145
100
329
587
476
364
273
337
293
128
11
130
173
236
289
317
382
437
413
329
184
99
60
34
23
11
2
0
6
14
26
24
23
23
23
23
23
27
69
222
359
266
101
0
45
79
99
99
74
36
15
5
0
0
2
4
8
10
12
16
32
28
21
20
19
20
19
20
20
20
20
19
19
20
26
18
0
8
9
2
2
8
11
12
14
14
15
15
17
17
17
18
18
19
18
18
19
19
19
20
20
20
20
20
20
20
21
21
21
21
20
20
20
20
20
20
20
20
20
20
20
20
20
20
20
20
20
20
20
20
20
20
20
20
20
20
20
20
20
20
20
20
20
20
20
20
20
20
20
20
20
20
20
19
20
20


