254
246
263
287
271
182
2
161
197
263
317
331
308
337
389
561
662
662
512
284
163
108
70
116
368
422
479
558
619
653
527
390
289
6
165
220
282
364
429
430
378
317
236
161
99
63
34
13
0
4
0
2
10
17
24
15
19
24
27
30
36
60
91
83
83
88
88
79
69
65
61
13
24
36
32
20
0
0
0
11
23
23
20
25
26
28
30
34
30
27
27
29
30
30
30
32
32
34
32
34
34
36
36
36
36
36
38
39
41
41
41
45
25
24
24
29
30
32
32
28
27
29
30
32
32
32
32
34
34
32
30
29
30
30
28
27
28
28
28
28
30
30
30
32
32
32
32
32
32
32
32
34
32
34
36
29
19
21
25
24


