47
266
699
603
430
401
397
347
277
139
45
70
223
324
368
448
533
481
413
345
197
100
65
49
36
29
20
10
0
36
28
20
20
23
38
111
237
315
219
30
78
108
91
65
43
30
21
17
11
10
9
2
0
0
4
8
16
14
13
14
14
16
15
15
15
15
16
15
15
14
13
12
12
11
5
2
0
0
0
0
2
4
5
5
5
6
6
8
9
10
10
11
10
11
12
13
13
14
14
13
12
12
13
13
13
14
14
15
15
15
17
17
18
17
16
15
16
16
16
14
14
14
12
13
12
14
13
14
14
15
15
14
15
16
16
16
16
16
17
20
20
20
20
20
20
20
20
20
20
21
20
21
21
21
20
20
21
20
21
20


