284
170
74
23
6
2
9
11
12
18
27
38
45
41
39
39
39
38
38
34
34
34
34
32
34
39
56
121
45
8
38
25
5
4
12
19
16
17
18
27
20
21
25
25
20
15
17
14
20
18
23
27
21
15
18
20
23
12
14
17
19
23
26
28
32
34
34
34
34
34
34
34
34
36
36
39
41
41
41
41
39
38
34
26
20
15
14
13
13
16
25
32
32
29
26
24
24
23
23
24
25
25
26
26
25
25
26
26
25
25
25
25
25
25
25
25
23
21
21
21
20
21
21
20
20
19
19
19
19
18
18
18
19
20
20
21
21
23
23
23
23
21
21
21
21
21
20
20
20
20
20
20
20
20
20
20
20
20
20
21


