56
178
229
273
300
326
410
494
517
452
319
163
91
49
36
18
6
36
142
273
241
212
219
201
145
171
413
508
524
618
542
228
171
335
355
331
305
263
244
217
180
116
61
28
20
19
5
2
10
11
13
15
18
18
18
20
24
28
41
70
58
45
36
36
36
39
41
45
60
98
124
125
138
49
13
53
66
65
53
36
17
2
2
8
10
11
13
16
18
19
20
19
19
19
20
21
21
20
21
20
20
21
21
21
21
23
23
21
21
20
21
21
21
23
21
21
20
20
20
21
21
21
21
21
21
20
20
21
21
21
20
20
20
20
21
21
20
20
20
20
20
20
20
20
20
20
20
20
20
20
20
20
20
20
20
20
20
20
20
20


