275
329
361
359
347
263
142
75
49
30
24
16
17
16
4
14
14
10
11
19
24
39
51
103
132
115
140
275
225
247
61
63
85
138
186
196
210
176
121
68
41
25
13
9
5
5
0
0
0
9
17
14
13
14
13
12
12
12
12
12
15
13
12
12
18
21
6
5
11
9
6
5
0
4
8
9
11
11
11
11
13
13
13
14
15
15
15
19
18
17
18
16
16
16
16
17
18
30
30
30
30
29
29
27
23
20
19
15
10
10
8
8
10
11
11
11
0
2
0
0
0
0
2
2
2
2
2
11
18
16
16
18
18
9
6
9
9
14
25
24
20
20
19
19
17
10
11
11
11
12
11
11
12
11
11
11
12
11
11
12


