252
266
269
273
278
262
220
95
90
143
204
243
246
287
308
355
419
426
329
214
124
65
28
11
0
9
28
111
82
87
202
499
712
600
501
428
357
158
58
120
179
223
256
247
229
191
136
82
51
36
19
5
0
2
5
8
10
10
11
13
16
25
30
25
24
23
23
21
20
20
20
20
20
20
16
6
2
4
5
10
10
11
12
14
15
17
17
18
18
18
19
19
20
20
20
21
21
21
21
20
21
21
23
23
21
23
23
21
21
21
21
23
21
21
21
21
21
21
20
21
20
20
20
21
20
20
21
21
20
20
20
20
20
20
21
24
24
25
25
24
26
27
26
27
26
27
27
27
27
27
27
26
27
26
26
27
27
27
27
26


