221
241
357
535
652
575
492
441
401
335
184
56
134
195
228
230
253
287
271
237
214
189
144
79
47
21
11
5
0
11
15
19
21
21
24
26
30
49
82
78
78
90
98
99
99
96
82
69
41
17
49
56
53
39
18
4
4
10
13
16
17
18
21
25
26
27
27
28
28
27
28
29
29
30
30
36
47
30
28
29
36
64
65
64
58
53
45
38
28
27
27
26
26
25
25
25
24
23
21
20
20
20
20
20
20
20
21
21
20
21
21
21
21
21
23
21
21
21
21
23
23
23
23
21
21
21
21
21
23
21
21
21
21
21
21
21
21
21
21
21
21
21
21
21
24
23
23
23
23
23
23
23
23
23
23
21
23
23
23
23


