77
70
53
94
146
129
144
128
120
116
228
236
189
153
132
101
63
43
34
29
23
23
23
18
14
12
11
10
9
8
5
0
0
2
5
11
14
13
14
11
16
17
11
5
2
4
4
5
13
18
21
21
20
13
12
11
6
4
2
0
0
5
11
11
11
8
6
5
5
4
2
2
0
0
0
0
0
0
0
0
0
0
0
0
0
0
0
4
11
20
20
19
19
20
20
20
20
19
20
19
20
18
17
17
17
15
13
13
5
14
17
17
15
14
13
13
12
0
5
5
5
5
5
6
6
6
6
6
6
8
8
8
9
9
10
10
10
10
10
10
10
10
10
11
11
10
11
11
11
11
11
11
11
11
11
11
11
11
11
11


