142
130
124
116
107
92
95
100
92
56
25
0
45
27
21
28
49
68
99
115
130
127
111
99
68
68
60
154
178
173
162
143
114
87
61
41
24
17
14
9
2
0
0
2
4
5
5
5
5
8
9
11
15
16
16
17
17
25
32
41
49
49
43
25
18
21
24
14
0
5
6
9
9
8
4
2
0
5
5
5
6
10
10
11
11
13
13
12
12
13
13
13
14
15
15
15
15
15
14
15
15
15
16
16
15
16
16
16
16
17
18
17
17
17
17
17
17
18
17
17
17
17
17
17
17
17
17
18
17
17
18
17
18
18
17
18
18
18
18
18
18
18
18
19
19
18
18
18
18
19
19
19
19
18
18
18
18
18
18
18


