415
326
161
78
34
0
24
43
91
225
239
198
170
186
211
236
326
397
406
373
296
65
220
311
308
265
200
138
68
24
0
9
18
20
25
32
38
41
41
43
45
43
41
45
47
47
47
47
47
47
47
47
51
64
85
98
107
107
110
99
78
71
39
5
13
0
9
18
26
29
32
32
34
34
32
32
34
36
36
36
36
34
34
34
34
34
36
34
34
34
32
32
34
34
34
34
34
32
32
32
32
32
32
32
32
30
30
30
30
30
30
30
30
30
29
29
30
29
29
29
29
28
28
28
28
27
28
28
28
27
26
27
29
29
29
29
29
28
28
28
28
28
27
28
28
27
26
27
26
26
26
26
26
25
26
25
26
26
26
26


