26
26
25
24
23
23
20
21
20
20
18
18
18
21
516
699
716
710
576
517
486
472
328
90
195
328
359
352
337
345
430
457
443
169
63
176
221
160
87
43
32
43
56
125
223
181
163
158
170
163
168
138
125
70
43
137
225
223
201
195
164
148
147
145
70
2
47
64
74
85
101
111
90
78
70
68
68
49
38
28
15
11
10
8
9
0
11
15
20
30
36
38
38
36
36
39
41
47
47
45
47
45
45
47
49
49
49
49
45
47
47
49
47
47
45
45
45
45
47
45
45
43
43
43
43
43
41
41
41
41
41
41
41
41
41
41
39
39
39
38
38
38
38
36
36
38
36
36
36
36
36
34
34
34
34
34
34
34
34
34


