61
45
36
27
8
36
99
136
161
172
160
161
156
170
359
386
320
204
20
111
142
158
161
163
162
153
153
144
135
131
111
82
63
49
41
34
30
27
21
17
14
13
11
10
8
2
0
0
0
0
0
5
10
21
32
25
17
15
0
13
17
19
18
16
12
10
8
5
2
0
0
0
0
0
0
2
2
4
4
4
4
5
5
5
5
6
6
6
6
6
6
6
8
9
9
9
9
9
10
9
9
9
9
9
9
9
9
9
10
10
10
10
10
10
10
10
10
10
10
10
11
11
10
11
11
11
11
11
11
11
11
11
11
11
11
11
11
11
11
11
11
11
11
12
12
11
12
12
11
12
12
12
12
11
12
12
12
12
12
12


