73
74
78
124
268
483
554
516
639
529
136
95
194
219
210
214
211
212
205
191
111
70
49
28
21
19
17
15
12
11
11
11
11
11
10
9
9
8
8
6
5
5
5
5
5
2
2
12
6
5
6
5
8
9
9
10
5
0
2
6
25
36
38
41
45
41
41
36
30
27
21
15
11
5
5
2
2
0
0
2
4
5
5
5
5
5
5
6
8
8
8
8
8
8
8
9
10
10
10
10
10
10
10
11
11
11
11
11
11
11
11
11
11
11
11
12
12
11
12
12
13
13
13
14
14
14
15
16
16
17
16
16
16
16
17
17
17
17
17
17
17
17
17
18
18
18
18
18
18
18
18
18
18
18
18
18
17
17
17
17


