461
494
554
443
252
185
329
392
370
338
324
296
277
251
253
293
337
371
375
350
308
223
49
27
25
24
23
21
20
20
20
19
19
18
17
17
16
13
6
20
15
16
25
28
23
18
27
41
56
47
68
38
121
144
150
137
119
96
78
61
47
36
27
21
15
11
8
5
4
2
0
0
0
0
2
2
4
5
5
5
5
6
8
8
9
9
10
10
11
11
11
11
11
12
12
13
13
13
13
14
14
14
14
15
14
15
15
16
16
16
16
16
15
16
17
17
18
18
18
17
17
18
18
18
18
18
18
18
18
18
18
19
19
18
19
19
19
19
19
19
19
19
19
19
18
18
18
19
20
18
19
19
20
23
21
19
16
13
11
9


