324
430
515
329
20
94
152
178
195
219
220
212
194
161
127
83
58
43
23
10
0
4
8
11
11
12
15
19
20
21
25
36
53
47
45
47
49
51
64
82
91
92
91
58
45
45
18
8
15
14
13
11
9
5
2
0
4
8
11
11
13
14
15
15
17
19
19
20
20
20
20
20
20
20
21
21
23
23
23
21
21
23
23
23
23
23
23
23
23
23
21
23
24
24
24
23
23
23
24
23
24
24
23
24
23
21
21
23
23
23
23
23
23
23
21
23
23
23
23
21
23
23
23
23
23
23
21
21
23
21
23
21
23
23
23
23
21
23
23
23
21
23
23
21
23
23
23
21
21
21
21
21
21
21
21
21
21
21
21
21


