64
43
19
2
39
94
78
69
86
144
192
200
171
150
161
298
464
443
337
123
28
70
92
107
117
107
99
92
83
73
65
64
64
63
63
61
61
51
32
8
21
30
27
27
25
23
23
25
28
34
47
53
56
49
43
45
58
34
0
19
26
26
24
23
21
18
12
8
0
2
8
11
11
12
13
14
16
17
18
19
19
19
20
20
20
20
21
21
23
21
23
23
23
25
25
24
24
24
23
21
23
21
23
23
23
23
21
21
21
21
21
23
23
23
23
23
23
23
21
23
23
23
21
21
23
23
23
23
23
23
21
21
21
23
23
21
23
23
21
21
21
21
21
21
21
21
21
21
21
23
23
23
21
21
21
21
20
21
21
21


