428
364
228
45
165
167
125
53
43
111
181
172
144
152
161
162
196
182
153
128
137
85
30
128
158
163
178
194
194
165
130
87
16
51
98
108
134
161
161
150
153
150
146
148
145
131
111
86
56
25
11
71
159
223
284
324
313
307
308
99
70
167
220
217
192
161
128
95
68
47
25
12
5
0
2
2
5
9
12
13
14
14
15
15
15
15
17
17
18
19
19
20
24
26
24
23
23
23
23
23
23
21
20
18
18
18
17
18
18
18
18
18
18
19
18
18
19
20
19
20
20
20
20
20
20
20
20
20
20
20
20
20
20
20
20
20
20
21
20
20
20
20
20
20
21
20
20
20
20
20
21
21
21
21
20
20
21
20
21
21


