26
18
11
5
5
51
92
91
96
112
235
382
347
333
338
303
277
303
73
74
131
146
120
142
144
156
169
159
151
131
106
81
53
34
23
11
0
34
107
239
319
328
222
124
69
5
28
39
53
61
69
65
58
51
47
41
30
20
13
10
8
5
4
0
16
53
81
95
82
54
45
39
29
0
32
56
70
60
53
43
27
16
11
6
5
2
2
0
0
2
2
5
5
5
5
5
6
6
8
9
9
9
10
9
10
10
11
11
11
11
12
12
11
11
12
12
12
12
13
13
13
13
13
13
13
14
13
15
15
14
14
14
15
15
15
15
15
15
15
15
14
16
16
15
16
16
16
16
16
16
17
17
16
17
17
16
17
17
17
17


