263
49
102
186
181
112
91
87
85
82
70
45
32
24
16
11
5
0
20
12
11
10
11
11
11
10
14
16
14
17
32
63
128
178
47
20
53
65
68
65
49
29
18
13
10
4
0
0
2
5
5
5
5
8
9
10
10
11
11
17
25
21
20
20
20
20
23
24
26
21
24
23
20
18
20
20
11
2
2
0
0
0
0
2
5
6
8
10
11
12
13
13
13
13
13
14
14
15
14
15
15
15
15
16
18
19
18
19
19
19
18
19
19
19
18
19
19
19
18
19
19
19
18
19
18
19
19
19
19
19
18
19
17
18
17
17
18
18
19
18
18
18
18
18
18
19
19
19
18
18
18
18
19
19
18
19
19
18
19
19


