202
192
179
206
262
256
245
310
231
156
115
78
41
49
161
184
189
202
217
208
192
173
131
20
125
180
211
212
229
246
256
243
193
119
65
32
11
2
9
10
11
17
27
104
254
342
366
328
265
204
161
184
253
293
344
131
104
167
200
203
185
169
150
123
94
68
49
24
11
2
0
2
4
5
8
11
13
14
15
15
15
16
16
17
18
18
18
19
19
19
18
19
20
20
20
20
20
20
20
20
20
20
20
20
20
20
20
20
20
20
20
20
20
20
20
20
20
20
20
20
20
20
20
20
20
20
20
20
20
21
20
20
20
20
20
20
20
20
20
20
20
20
20
20
20
20
20
20
20
20
20
20
20
20
20
20
20
20
20
20


