11
0
0
4
5
5
6
11
16
49
61
47
41
49
81
143
302
364
352
262
96
51
129
128
107
82
56
36
24
20
14
9
5
0
2
32
70
53
34
24
20
26
45
78
115
135
159
139
152
137
11
100
128
129
115
95
70
45
27
19
13
8
2
0
0
0
2
2
2
5
5
6
8
10
16
29
18
13
12
13
13
12
12
12
12
12
11
12
12
12
6
2
0
0
2
5
6
8
9
10
10
11
11
12
13
13
13
13
13
13
13
14
14
14
15
15
15
15
15
15
15
15
16
17
17
17
17
17
17
17
17
17
17
17
16
17
17
17
17
17
18
17
17
18
17
18
18
18
18
18
18
17
18
18
18
18
17
18
18
17


