103
145
213
238
226
246
231
195
176
182
153
162
185
169
88
21
101
124
130
148
160
170
155
116
91
17
81
145
176
200
186
184
176
158
162
177
180
194
200
194
197
172
130
85
58
38
19
8
0
11
74
179
244
244
252
265
271
169
0
91
163
182
160
124
94
77
60
47
32
21
15
10
5
4
0
0
2
5
5
6
8
8
8
8
9
10
11
11
11
12
11
11
12
13
13
13
13
13
13
14
14
15
15
16
17
17
17
17
17
17
17
17
17
17
17
17
18
18
18
18
18
18
18
18
18
18
17
18
18
18
18
19
18
18
18
18
18
18
18
18
18
18
19
19
19
19
19
19
19
19
19
20
19
20
20
20
19
20
19
20


