148
151
159
169
156
125
82
56
43
34
28
19
15
11
8
12
49
36
39
90
305
430
392
364
377
350
245
53
78
123
143
154
162
170
165
159
143
128
98
66
49
39
30
24
20
18
16
14
14
13
9
5
39
43
29
18
12
13
17
21
26
32
34
14
12
5
45
61
60
43
30
20
15
12
10
5
2
2
0
0
0
0
0
0
2
2
2
4
5
5
4
4
5
5
6
5
6
6
6
6
8
8
8
9
9
10
10
10
10
11
11
11
11
11
11
11
11
11
11
11
11
11
11
11
12
12
11
12
12
12
12
13
13
13
13
13
13
13
13
13
13
14
14
14
14
14
15
14
15
15
15
15
15
15
16
15
16
15
15
15


