203
195
64
0
0
0
2
2
4
4
4
5
5
5
5
5
5
5
6
6
8
19
20
23
38
70
103
170
298
357
296
96
34
102
121
102
88
86
75
61
47
36
28
15
9
5
2
2
2
2
0
0
2
5
14
25
20
21
25
27
30
30
30
36
45
53
49
54
61
0
30
41
39
32
23
13
8
4
0
0
0
2
4
5
5
6
8
6
8
8
10
10
10
11
11
11
11
11
11
12
12
13
13
13
13
13
13
12
13
13
13
14
13
14
14
14
14
14
14
15
15
15
14
15
16
15
15
15
16
15
16
16
16
15
15
16
16
16
16
16
16
16
16
16
16
16
16
16
16
16
16
16
17
16
17
17
16
17
17
17


