95
96
102
92
92
87
65
5
29
54
74
70
74
68
58
65
61
58
51
56
64
65
61
54
47
26
5
45
87
87
82
81
91
91
79
70
70
34
4
11
21
29
29
25
19
16
14
16
10
0
5
9
12
13
15
15
16
16
18
19
20
20
21
21
21
23
23
24
24
24
24
24
25
25
26
26
26
29
36
36
36
41
45
47
41
30
21
16
14
14
15
17
17
18
19
19
20
20
20
20
21
20
20
20
20
21
21
21
20
20
20
20
21
21
21
21
21
21
21
23
23
21
21
23
21
21
21
21
20
20
20
20
20
20
20
20
20
20
20
20
20
20
20
20
20
20
20
20
20
20
20
20
20
20
20
20
20
20
20
20


