30
45
43
43
39
41
41
39
39
41
47
43
41
45
36
20
5
2
10
11
10
10
8
8
8
5
5
4
0
0
6
11
13
15
19
30
47
49
47
47
49
49
47
47
49
47
41
13
0
8
10
9
8
9
10
11
9
6
4
0
5
9
11
12
14
14
15
17
17
18
18
19
20
23
27
34
43
51
53
49
49
41
29
17
11
5
2
5
6
6
9
10
11
12
12
13
13
14
15
15
16
16
17
17
17
17
17
17
18
19
19
19
20
19
19
20
19
20
20
20
20
20
20
20
20
20
19
20
20
19
19
19
20
20
19
19
19
18
18
19
18
18
18
18
18
18
17
18
19
19
18
18
19
19
19
19
19
19
19
19


