38
15
17
39
51
53
56
63
74
82
74
61
36
16
9
2
0
2
5
6
8
9
11
32
82
139
179
210
221
228
233
233
225
215
225
229
208
41
88
144
158
153
139
124
107
98
91
78
61
49
39
27
20
14
10
5
2
0
0
0
0
0
0
2
5
14
32
39
38
39
41
43
49
30
9
28
27
16
6
2
0
0
0
0
2
2
4
5
5
5
5
5
6
6
8
9
9
9
9
8
9
9
10
11
11
10
11
11
11
11
11
11
11
11
11
11
11
11
11
11
12
12
12
12
12
12
13
13
12
13
13
13
13
13
20
23
23
20
20
20
20
20
20
20
20
20
20
20
18
17
17
17
18
17
14
12
13
13
13
13


