18
17
16
16
15
14
14
14
13
12
4
45
34
29
32
34
54
138
188
182
167
208
277
236
5
136
156
153
143
129
124
116
99
70
51
39
32
29
25
21
18
17
17
15
15
14
12
11
9
0
13
4
2
2
5
6
14
20
19
24
24
30
25
34
10
49
56
54
47
30
24
20
19
17
16
15
14
12
12
11
11
12
12
9
5
0
0
0
0
0
0
0
0
2
2
0
0
0
0
0
0
4
11
13
15
17
18
21
24
16
8
0
4
12
13
14
14
15
15
15
15
16
16
15
14
14
15
15
16
15
15
15
15
16
15
13
12
11
12
11
11
11
10
10
12
15
19
34
36
36
36
36
36
36
34
34
34
34
34
32


