203
167
171
173
156
161
219
201
204
184
148
130
61
64
212
328
415
420
408
399
310
43
124
168
212
205
180
164
155
151
150
137
142
159
145
127
107
99
99
96
90
73
53
56
49
20
17
70
153
167
150
158
116
21
36
69
82
83
82
78
70
70
61
56
53
6
2
5
8
12
16
18
19
19
19
18
19
20
21
23
23
23
20
20
20
21
24
24
24
24
24
25
26
32
49
68
81
91
88
94
96
106
102
73
28
4
6
9
5
4
2
0
2
6
11
13
14
12
12
13
15
16
18
20
18
17
18
19
21
23
25
27
20
11
11
11
12
12
12
14
25
24
26
25
24
24
23
19
2
16
16
15
16
13
14
14
14
13
4
13


