69
64
64
58
53
49
45
34
23
15
12
9
8
8
5
4
2
2
0
0
0
0
2
8
9
9
8
10
21
49
75
102
111
120
128
135
121
73
6
19
34
41
41
43
47
43
36
27
20
16
13
10
5
2
0
0
0
0
0
0
2
2
2
4
4
4
4
5
5
5
5
5
5
6
6
6
8
8
9
11
15
15
16
24
27
15
9
6
5
5
6
6
8
8
8
8
9
9
10
10
11
10
10
10
11
11
11
11
11
11
11
12
12
12
12
12
12
13
13
13
13
13
13
14
14
14
13
13
14
14
14
15
14
15
14
15
15
14
14
15
14
14
14
15
15
15
15
15
15
15
15
16
16
15
16
16
16
15
16
16


