120
124
115
47
21
51
63
66
70
63
58
54
49
45
41
39
34
29
28
26
21
19
17
15
13
12
12
11
10
8
6
6
5
5
5
5
4
2
2
0
0
0
0
0
0
0
0
0
0
0
0
2
2
2
4
4
2
4
4
5
5
6
5
6
6
8
9
10
11
16
17
19
20
24
26
30
45
49
51
47
27
5
2
10
14
14
11
6
4
0
0
0
0
2
4
4
4
5
5
5
5
6
9
8
8
9
9
9
10
10
10
10
10
10
10
11
11
11
12
11
11
11
11
11
12
12
12
12
13
13
12
13
13
13
13
13
13
12
12
13
13
13
13
13
13
14
14
14
14
15
14
15
14
15
15
15
15
15
14
15


