181
176
176
164
160
156
151
146
145
140
128
124
120
115
101
82
45
0
53
99
127
163
178
182
200
209
209
222
226
201
77
61
106
137
148
143
138
137
134
123
120
119
116
106
96
92
78
68
61
56
47
41
36
32
25
15
5
11
34
60
78
90
98
92
95
99
96
53
4
28
53
65
69
71
68
61
53
47
45
36
30
24
20
15
13
11
10
8
5
4
2
2
2
2
0
0
0
0
0
0
0
0
0
0
0
0
0
0
2
2
2
2
0
2
4
4
5
5
5
5
6
6
6
6
8
8
8
8
9
9
9
9
10
11
11
11
11
11
11
11
11
11
11
11
11
11
11
12
11
11
11
12
12
12
12
12
12
12
12
13


