142
150
144
129
117
104
87
75
66
49
34
17
17
60
108
145
167
184
189
191
179
170
143
41
43
79
99
108
102
100
101
98
90
81
74
64
58
58
56
49
41
39
32
28
28
27
23
19
16
13
11
11
9
5
0
9
25
49
73
87
92
94
95
87
64
13
19
39
51
56
53
47
41
38
28
23
18
15
12
10
10
8
5
4
2
2
0
0
0
0
0
0
2
4
2
2
4
4
4
5
5
5
5
5
6
6
6
6
6
5
6
5
6
8
6
6
6
8
8
8
9
9
10
10
10
11
11
11
11
11
11
11
11
12
12
12
12
12
12
13
13
14
13
14
14
14
15
14
14
15
15
14
15
16
15
15
15
16
16
16


