163
151
147
145
138
135
128
120
115
115
117
106
88
74
56
29
11
54
95
130
147
155
162
178
172
169
160
139
51
39
69
92
111
120
124
124
121
104
94
96
95
83
74
64
56
49
43
39
30
25
20
18
16
12
5
5
30
61
90
110
120
119
112
107
103
92
43
9
32
58
70
78
77
74
65
58
56
47
36
30
25
20
20
19
11
5
4
2
2
2
2
0
0
0
0
0
0
0
0
2
2
2
4
4
5
5
5
5
5
5
8
8
8
8
8
9
9
9
10
10
10
10
10
10
10
11
10
11
11
11
11
11
11
11
11
12
11
11
11
12
12
12
13
13
13
14
14
14
14
14
14
14
14
14
15
15
14
15
15
15


