88
164
223
239
212
186
160
172
153
66
20
63
96
120
124
128
130
128
125
137
134
112
99
95
82
82
75
66
53
43
29
4
21
64
91
110
124
127
124
125
111
99
98
13
30
49
65
69
70
78
74
73
60
47
32
21
14
9
4
0
0
2
5
5
5
5
8
9
10
11
11
11
11
12
12
13
14
15
20
34
51
78
96
110
111
123
91
25
0
6
10
11
8
5
4
0
0
2
2
5
5
5
6
8
9
10
10
10
10
11
11
11
11
11
12
12
12
12
13
13
13
13
14
13
14
14
14
14
14
15
14
14
14
14
15
14
15
16
15
15
15
15
15
15
16
15
16
15
15
15
16
16
15
16
16
16
15
17
16
17


