77
74
74
68
68
68
71
69
64
61
60
51
45
34
25
16
5
25
53
63
65
85
115
116
104
103
88
64
28
14
36
49
53
56
58
56
49
41
43
43
36
34
30
27
23
19
15
5
2
23
36
45
56
86
153
253
252
164
70
8
36
49
47
45
45
39
32
28
26
21
18
14
11
10
6
5
5
4
2
0
0
0
0
0
0
0
2
0
2
2
2
2
2
2
4
4
4
5
5
5
5
5
6
6
8
8
6
9
8
8
9
9
9
9
10
10
10
10
10
11
11
11
11
11
11
11
11
11
11
11
11
11
11
11
11
12
12
12
12
12
12
12
12
12
12
13
13
12
13
13
13
13
14
14
14
14
14
14
14
14


