34
32
24
11
2
0
2
5
13
39
56
58
68
70
74
78
79
85
78
74
63
47
2
19
30
43
45
43
41
36
32
29
28
24
20
12
4
0
2
5
5
8
10
11
20
47
77
95
101
107
111
112
111
92
68
64
60
39
12
36
39
34
29
27
23
19
15
13
11
11
11
10
6
5
0
0
2
4
5
6
9
9
10
10
11
11
11
11
11
11
11
12
12
12
12
12
12
13
13
13
13
13
13
13
13
13
13
13
13
13
14
13
14
14
14
14
14
15
15
15
15
15
15
16
15
15
16
16
15
16
16
16
17
16
16
17
16
17
17
17
17
17
17
17
17
17
17
17
17
17
17
18
17
17
17
18
18
17
17
18


