39
32
27
34
36
32
28
21
17
14
12
10
0
11
21
29
36
45
51
56
61
70
69
60
53
51
18
5
15
20
24
20
15
13
15
15
13
9
5
2
0
0
5
5
8
9
9
10
11
13
27
49
66
77
87
87
82
79
79
70
28
0
9
19
25
27
20
15
10
5
2
0
2
4
5
5
5
6
8
9
10
10
10
10
10
11
11
11
12
12
11
11
11
12
12
13
13
12
12
12
13
13
13
14
13
13
13
13
13
14
14
14
14
14
13
14
14
15
14
14
14
14
14
15
15
15
15
16
15
15
15
16
16
15
16
16
16
16
16
16
16
16
16
16
16
16
16
17
17
17
17
17
17
16
17
17
17
16
16
16


