120
107
79
29
18
36
45
51
54
58
60
60
60
54
49
45
45
39
25
13
8
5
4
2
2
0
0
10
21
20
15
18
24
28
30
32
45
61
85
86
94
96
73
56
0
24
30
32
36
34
27
21
16
11
8
5
5
4
2
0
0
0
2
2
2
4
5
5
5
6
6
8
8
9
11
11
11
11
11
11
10
10
10
10
9
10
10
11
10
10
11
10
11
11
11
11
11
11
11
11
11
12
13
12
12
12
13
13
13
13
14
14
13
13
14
14
14
14
14
15
14
14
14
14
15
15
15
15
16
15
15
15
15
15
16
16
16
16
16
16
15
16
16
16
16
16
16
17
18
17
17
17
17
17
17
17
18
18
18
18


