91
87
87
91
92
78
73
75
74
65
53
47
36
12
21
70
123
154
170
186
203
198
205
235
236
196
32
58
87
95
98
91
90
82
82
82
82
73
66
68
58
51
49
45
36
30
26
20
18
15
13
11
9
6
4
11
43
81
117
144
168
178
181
165
128
32
28
53
64
74
74
65
58
49
43
34
29
25
20
16
12
12
11
10
9
5
5
2
2
2
2
2
0
0
0
0
0
0
0
0
0
0
0
2
2
2
2
2
2
4
4
4
5
5
5
5
5
5
5
6
6
6
6
6
6
8
8
6
6
8
8
8
9
9
9
9
9
10
9
9
10
10
11
11
11
11
11
11
11
11
11
12
12
12
12
12
12
12
12
12


