56
61
65
63
61
61
61
58
58
58
58
51
38
23
12
0
41
83
103
103
91
91
83
81
82
58
45
10
25
36
43
45
51
54
53
53
53
51
45
41
38
26
14
8
4
0
0
0
2
5
11
45
94
136
156
161
158
156
147
137
99
17
20
34
47
53
53
51
47
43
41
34
27
20
14
9
5
2
0
0
2
4
5
4
5
5
6
8
8
9
9
9
9
10
10
10
10
11
11
11
11
11
11
11
11
11
11
11
11
12
12
12
12
13
16
15
15
15
16
13
12
11
12
12
13
13
13
13
14
14
14
14
14
14
14
14
14
14
15
14
14
14
15
15
15
16
15
15
15
15
15
16
15
16
15
16
16
15
15
15


