5
2
5
16
30
36
36
34
27
21
17
11
5
2
10
15
20
39
49
49
58
77
74
70
66
60
41
27
9
2
11
13
14
12
10
8
9
2
2
8
10
12
16
15
14
14
16
16
17
19
19
18
20
27
32
36
43
51
43
39
43
41
20
14
13
11
5
5
4
4
5
6
8
6
8
10
11
13
15
18
18
18
19
20
28
32
36
39
39
39
43
47
38
36
30
15
10
6
4
2
2
0
0
0
2
6
9
11
13
14
12
12
14
15
17
18
19
18
16
17
18
18
18
18
18
16
15
15
15
15
15
16
16
14
15
16
16
16
16
16
17
17
17
18
18
18
18
18
19
18
19
18
17
17
18
18
19
19
19
20


