14
10
0
23
70
112
135
148
144
142
150
144
137
130
116
100
74
25
20
41
49
49
47
45
43
39
41
47
51
47
45
41
39
39
39
36
28
20
15
11
8
5
4
2
0
14
34
47
38
28
30
32
34
41
47
56
58
56
58
49
41
2
15
27
27
27
30
28
20
16
13
8
2
0
0
0
0
2
4
4
5
6
6
8
9
9
9
10
10
11
11
11
11
11
11
11
11
11
11
11
12
12
12
12
13
13
13
13
14
13
14
13
14
14
14
14
14
14
15
14
14
14
14
14
15
15
14
15
15
15
15
15
15
15
15
16
15
16
17
16
16
16
16
16
16
17
16
16
17
16
17
17
16
17
17
17
17
17
17
17


