119
96
88
78
70
75
85
86
91
74
19
54
107
121
128
138
131
127
115
108
119
103
74
5
63
78
82
74
73
77
82
82
82
88
99
101
94
87
78
64
47
34
25
20
16
4
30
82
88
79
96
103
98
91
91
88
95
115
132
107
82
29
77
87
88
88
82
70
63
56
47
43
36
30
27
21
18
14
10
5
4
2
2
0
0
0
0
0
2
2
2
4
4
4
5
5
5
5
6
5
6
6
6
6
8
8
8
8
9
9
10
11
11
11
11
11
11
11
11
11
12
12
11
12
12
12
12
12
11
11
11
11
11
11
11
12
12
12
12
12
13
13
13
13
13
14
14
14
13
13
14
15
15
15
14
15
15
15
15
15


