148
135
36
19
15
11
9
5
4
0
0
0
5
36
78
115
144
162
156
163
209
265
238
175
56
14
39
53
61
66
68
66
64
63
60
60
60
56
51
43
30
18
6
14
56
90
116
128
143
146
155
156
144
130
106
86
64
15
68
86
78
63
54
47
43
36
32
30
29
25
23
21
20
17
13
11
11
10
9
8
5
5
4
2
0
0
0
2
8
11
9
8
8
8
9
10
10
11
11
10
10
10
8
5
2
0
0
0
2
4
4
4
5
5
5
5
6
8
9
8
6
11
12
12
12
12
12
12
12
13
13
13
13
12
13
13
13
13
13
14
13
13
14
14
14
14
14
14
14
15
14
14
15
14
14
14
15
14
15
15


