120
137
139
150
138
136
143
127
91
4
47
61
71
77
77
74
82
81
81
85
78
69
58
45
36
29
23
19
11
8
5
2
2
0
0
0
5
29
79
114
106
79
75
74
81
94
98
101
96
82
51
0
24
43
60
66
54
45
39
32
25
20
14
10
8
5
4
2
0
0
0
0
0
2
2
2
2
4
5
5
5
6
6
6
6
8
8
9
9
9
9
10
10
10
10
10
11
11
10
10
11
11
11
11
11
11
11
11
12
12
12
12
12
13
12
12
13
13
13
13
14
14
15
14
14
14
14
14
14
14
15
15
14
15
15
15
15
16
15
15
15
16
16
16
16
16
16
15
16
16
16
16
16
16
16
16
17
17
17
17


