64
60
61
58
53
53
49
41
38
43
49
47
45
41
32
36
36
34
17
4
39
71
78
71
74
74
74
86
82
61
36
8
28
39
43
43
39
39
45
45
36
34
32
27
20
14
11
6
5
4
0
0
0
0
0
2
2
5
5
8
10
19
49
70
75
71
65
61
61
63
58
51
43
9
10
21
20
12
11
10
5
4
2
0
0
0
2
5
5
5
8
9
9
11
11
11
11
11
11
11
12
12
12
12
13
13
12
14
13
14
14
13
14
14
14
15
14
15
15
15
15
15
15
16
15
16
16
16
16
15
16
17
16
16
16
16
17
16
16
17
16
17
17
18
17
17
17
17
17
17
17
17
17
17
17
18
18
18
17
17


