14
45
58
66
64
56
45
29
5
61
125
178
223
265
271
252
245
248
269
229
74
56
92
96
103
95
78
69
68
69
70
66
60
49
43
39
38
32
29
25
18
13
15
16
13
11
8
6
5
2
2
4
2
0
0
2
12
34
60
77
98
108
104
95
58
2
15
26
34
36
34
25
18
17
12
8
5
4
2
0
0
0
0
0
0
0
0
2
4
2
4
4
4
5
5
5
5
5
5
6
6
6
6
8
8
8
8
8
8
9
9
9
9
10
10
9
10
10
10
10
11
11
11
11
11
11
11
11
11
11
11
11
11
11
12
12
12
11
12
12
12
12
12
12
12
12
13
13
13
13
13
14
14
14
13
14
14
14
14
14


