120
127
129
136
135
137
134
108
91
82
71
64
58
49
39
34
29
25
20
18
13
5
5
5
4
0
0
0
6
29
61
95
158
189
220
212
107
5
23
36
49
60
70
69
63
53
41
32
29
25
21
20
18
15
14
12
12
11
10
9
6
5
5
2
2
0
0
0
2
0
0
2
2
4
5
5
5
4
4
4
4
2
2
2
2
2
4
4
2
4
5
5
5
6
6
6
6
6
8
9
9
9
10
9
10
9
10
11
11
11
11
10
11
11
11
11
12
11
11
11
12
12
12
12
12
12
13
13
13
13
13
14
13
13
13
14
14
14
14
14
14
14
14
15
14
14
15
14
15
15
15
15
15
15
15
15
15
16
15
16


