608
380
15
289
333
308
282
225
222
222
213
203
214
209
187
184
201
202
202
209
193
148
95
41
43
107
143
146
120
124
111
87
61
34
60
106
111
117
124
120
112
107
115
117
117
112
107
104
99
91
91
81
69
43
19
8
24
25
28
39
36
20
11
2
28
41
43
43
43
41
36
34
36
38
34
32
32
34
32
28
27
27
25
23
20
18
15
12
12
11
10
9
9
8
5
6
5
5
5
5
4
2
2
2
0
0
0
0
0
2
5
11
15
11
5
2
0
0
0
0
0
0
0
0
2
2
2
2
2
4
4
4
4
5
5
5
5
6
5
5
5
6
6
6
8
8
9
8
9
10
10
10
10
10
10
11
11
11
11
11


