63
61
63
65
69
66
61
56
49
30
8
36
91
103
115
135
153
161
163
161
139
115
92
83
5
47
64
77
78
79
71
70
73
81
87
85
78
64
56
51
39
26
17
11
6
4
0
9
38
79
107
123
137
137
135
143
163
195
196
187
127
4
51
74
73
74
83
83
70
58
49
41
32
30
25
21
18
15
12
8
5
2
0
0
0
0
0
2
2
4
4
5
5
5
5
5
6
8
9
11
12
11
11
11
11
11
11
11
10
11
11
11
10
11
11
11
11
11
12
12
12
11
12
12
12
13
13
13
13
13
13
13
13
14
13
14
14
14
14
14
14
14
14
14
15
14
14
14
14
14
15
15
15
15
15
15
15
16
15
16


