138
134
134
128
128
107
98
91
88
95
92
83
78
74
70
66
60
58
45
20
9
49
83
116
144
142
134
137
135
136
65
23
58
69
73
79
73
66
66
65
58
47
43
36
30
28
21
17
14
12
11
9
9
6
4
2
0
0
0
0
0
0
2
8
27
41
30
24
28
32
34
39
39
27
15
0
8
11
11
11
9
5
4
2
0
0
0
0
2
2
2
4
5
5
5
6
8
8
8
9
8
8
9
9
9
10
10
10
10
10
10
11
11
11
11
11
11
11
11
11
11
12
12
12
12
12
12
12
12
13
13
13
13
12
13
13
13
13
14
13
14
14
13
15
14
14
14
14
14
14
14
14
15
15
15
15
15
15
15
16


