104
86
58
39
19
32
99
142
178
200
201
212
218
209
203
188
161
60
58
91
98
106
107
114
131
145
143
129
115
98
81
66
53
39
30
25
21
20
18
13
0
26
36
26
20
19
20
29
39
53
73
87
98
65
30
8
24
32
38
41
43
39
39
39
39
32
30
26
20
17
14
12
10
8
5
5
2
2
0
2
0
0
0
0
0
0
0
2
2
2
4
4
5
4
4
5
5
5
6
6
6
6
6
6
8
8
6
9
8
9
9
9
9
10
10
10
11
10
10
10
11
11
11
11
11
11
11
11
11
11
12
11
12
11
12
12
13
12
12
13
13
13
13
14
13
14
13
13
14
14
14
14
15
14
14
15
15
14
14
15


