61
45
28
8
41
69
150
219
228
238
263
275
265
266
258
140
45
107
119
129
142
147
153
158
160
147
123
107
95
83
64
47
41
34
32
29
25
20
12
2
5
5
4
0
5
17
30
43
61
79
95
110
114
70
29
14
54
58
53
51
49
49
45
39
34
30
28
25
21
20
18
15
12
11
9
9
8
5
5
4
2
2
2
0
0
0
0
2
2
2
2
2
2
4
5
5
5
2
2
2
2
2
2
2
2
4
5
4
4
5
5
5
5
5
6
6
8
6
6
8
9
9
8
9
9
9
9
10
10
10
11
10
10
11
11
11
11
11
11
11
12
11
11
11
12
11
11
12
12
12
12
12
12
13
13
13
13
13
13
13


