81
95
96
102
110
115
106
108
119
125
120
117
103
85
64
53
45
32
26
23
20
17
11
0
0
0
5
12
17
20
28
39
65
128
204
186
124
21
20
36
45
47
47
47
49
47
43
43
41
36
32
26
20
18
16
13
11
9
6
5
5
5
2
0
5
9
6
9
10
10
11
14
16
20
26
26
18
10
9
5
0
4
5
5
4
2
2
4
2
2
0
0
0
0
0
0
0
2
2
2
5
5
5
5
5
6
6
6
8
9
8
9
9
9
10
10
11
11
11
11
11
11
11
11
11
11
12
12
12
12
12
12
12
12
12
12
12
12
13
13
13
13
14
13
13
14
14
14
14
13
14
14
14
14
14
14
14
15
15
15


