144
137
143
140
145
137
127
91
10
81
106
120
130
150
167
178
192
200
202
184
159
128
92
60
38
25
20
14
11
0
41
75
70
75
75
61
47
47
54
70
124
204
305
234
124
30
36
60
71
78
82
82
81
79
74
61
49
45
41
34
28
21
16
11
6
5
2
2
2
0
0
0
0
5
13
11
8
8
8
8
9
10
9
8
9
9
11
10
9
6
5
5
4
4
5
4
5
6
6
8
9
9
10
10
9
8
9
10
10
10
11
11
11
14
15
15
15
15
13
12
12
11
11
11
11
11
11
11
11
11
12
12
12
12
12
13
13
13
14
14
14
14
14
14
14
14
15
15
14
14
15
15
15
15
15
15
15
15
15
15


