117
53
51
85
99
107
107
127
144
154
171
178
193
178
168
151
131
99
56
27
11
2
41
107
142
135
137
142
137
128
115
102
121
153
178
150
49
21
49
64
74
82
90
88
87
73
60
58
49
34
21
12
5
0
0
2
5
9
10
11
11
12
12
12
13
14
16
20
41
60
54
45
43
41
39
18
2
0
0
2
4
5
8
10
11
11
12
13
13
13
13
14
15
15
15
16
16
15
15
15
16
16
16
16
16
16
16
16
17
17
17
17
17
16
17
17
17
18
17
17
17
17
17
17
17
17
17
18
18
18
17
18
18
18
18
18
18
18
18
18
19
18
18
19
19
18
18
18
19
19
19
19
18
18
18
19
19
18
19
18


