10
9
10
9
10
10
10
10
10
10
11
11
11
10
11
11
11
11
11
11
11
11
11
11
11
12
11
12
12
12
12
12
13
13
13
15
14
15
15
15
27
49
74
92
111
128
138
144
143
145
144
143
123
102
95
64
17
9
13
13
12
14
13
9
4
5
4
2
5
5
2
2
2
2
4
11
23
25
20
17
14
13
11
9
5
0
0
5
9
11
11
11
11
13
13
17
19
18
18
14
11
9
8
5
8
8
9
10
11
11
11
11
11
11
13
13
12
12
13
12
12
12
13
13
13
13
12
13
13
13
13
14
13
13
14
14
14
14
14
15
14
14
15
15
14
14
14
15
15
15
15
15
15
16
16
16
16
16
16
16


