263
324
368
382
382
397
384
350
326
242
168
231
359
426
494
529
701
613
212
211
406
457
471
455
441
413
375
322
302
273
286
291
222
179
146
142
124
100
82
70
63
53
47
43
38
34
30
28
27
25
24
23
20
20
19
17
17
17
16
14
10
5
11
4
8
6
8
12
12
8
4
16
21
21
20
19
16
13
11
11
9
9
8
6
5
5
5
4
2
2
2
2
2
0
0
0
0
0
0
0
0
0
0
0
0
0
2
2
2
2
2
4
4
4
4
4
5
5
5
5
5
5
5
5
5
6
6
6
8
8
8
8
9
9
9
9
9
10
10
10
10
11
10
11
11
11
11
11
11
11
11
11
11
11
11
11
12
12
12
12


