47
107
124
131
148
148
134
123
111
96
87
78
74
71
63
56
45
32
5
6
9
20
41
60
81
117
186
275
250
220
178
86
34
69
74
86
92
91
87
94
100
94
87
86
75
58
45
34
29
25
17
2
23
18
24
32
36
32
30
32
34
36
45
65
58
20
2
34
56
64
63
60
49
43
41
36
32
30
26
21
17
14
13
11
8
5
5
2
2
2
2
2
0
0
0
0
0
0
0
0
2
2
5
5
6
6
6
6
6
8
10
10
9
8
6
5
5
5
5
4
4
5
5
5
5
6
5
5
6
8
8
8
8
9
9
10
10
10
11
11
11
11
11
11
11
11
11
11
11
11
12
11
12
12
12
12
13
12
12
13


