120
91
74
68
63
60
56
54
51
49
47
45
39
17
21
25
23
32
34
36
56
110
217
291
317
308
254
91
49
99
123
138
137
128
115
99
90
83
77
70
63
56
45
36
30
24
17
14
12
11
0
8
6
10
13
24
34
47
63
68
74
73
77
77
53
24
5
32
43
43
43
41
39
34
27
21
19
18
16
15
13
11
9
6
5
5
4
2
0
0
0
0
0
0
2
2
2
2
4
4
5
8
8
9
9
10
11
11
12
11
11
11
11
11
9
6
8
6
6
6
6
8
8
9
10
9
10
10
10
10
11
10
11
11
11
11
11
11
11
11
11
12
12
12
12
13
13
13
12
13
12
13
13
13
13
14
13
14
14
14


