53
47
21
11
0
0
4
0
4
26
24
38
143
317
395
203
19
91
121
110
96
87
74
64
61
54
51
49
47
45
41
39
39
29
5
30
16
17
32
51
69
49
21
10
9
13
14
2
0
20
53
64
60
45
41
47
47
41
36
30
23
21
20
14
10
5
5
4
2
2
2
0
0
4
4
4
4
4
5
6
11
12
13
17
15
11
11
9
8
4
0
0
0
0
0
0
0
2
2
5
5
5
5
5
5
6
6
8
9
9
8
9
9
9
9
10
10
11
10
10
11
11
11
11
11
11
11
11
12
12
12
12
12
12
12
13
13
13
13
13
13
13
13
13
14
14
14
14
13
14
14
14
14
14
14
15
15
15
15
15


