81
83
92
99
99
98
104
104
94
86
87
83
82
71
60
47
34
19
11
6
0
32
85
134
176
201
204
188
175
170
170
131
4
65
103
116
117
112
96
73
56
43
32
25
17
12
10
6
5
4
2
2
0
0
0
0
0
0
2
2
4
4
4
5
11
19
20
20
23
24
21
18
17
16
8
0
0
0
0
0
0
2
4
5
6
6
8
8
8
9
9
10
10
10
11
10
10
11
11
11
11
11
12
11
11
11
12
12
12
12
12
12
12
12
13
13
13
13
13
13
13
13
13
14
13
14
13
14
14
13
14
14
14
14
14
15
15
15
15
15
15
15
16
16
16
16
16
15
16
16
16
16
17
16
16
17
17
17
17
17


