286
378
165
16
60
74
78
78
82
81
74
68
65
61
58
53
47
38
26
20
16
8
11
19
16
20
20
21
23
32
43
74
128
239
223
87
11
45
63
73
78
74
63
58
49
39
28
19
13
11
11
8
5
2
0
2
13
11
12
14
15
17
17
18
20
23
23
30
43
41
27
20
13
2
13
19
21
23
23
17
12
11
8
5
2
0
0
0
2
2
2
4
5
5
5
6
8
8
6
8
8
9
9
9
10
10
11
11
12
13
13
13
14
13
12
13
13
13
14
12
11
11
11
11
11
11
11
11
12
12
13
13
13
13
12
12
14
13
13
14
14
14
14
14
15
15
15
14
15
15
15
15
15
15
15
16
15
15
15
15


