91
86
95
106
111
120
120
120
115
107
98
83
56
17
38
119
169
203
251
248
238
219
200
176
148
124
5
107
169
193
203
204
187
165
147
125
88
56
34
20
13
10
5
0
0
2
5
10
25
25
23
23
20
24
36
49
79
125
184
263
225
134
17
23
39
53
56
49
43
36
28
21
17
13
10
6
2
2
0
0
0
2
4
5
5
5
5
6
8
8
9
9
10
11
13
19
17
15
14
14
14
13
12
13
13
13
13
11
11
11
11
10
10
10
11
11
11
11
12
12
12
12
12
13
13
13
14
14
13
14
14
14
14
14
14
14
14
15
15
15
15
15
15
16
15
15
16
15
16
16
16
16
16
16
16
17
16
17
16
16


