98
87
74
53
19
21
106
168
164
185
195
179
181
181
173
153
49
43
83
111
117
124
134
134
136
137
134
123
95
65
43
27
15
6
0
6
12
11
11
12
14
19
41
195
258
258
197
204
195
162
61
18
41
58
61
69
74
74
87
90
81
74
63
51
39
28
21
17
12
9
5
0
2
11
16
14
13
13
12
13
13
13
13
13
13
13
13
13
13
13
12
11
11
9
9
9
10
10
9
10
10
11
11
11
12
13
14
16
17
16
16
16
16
16
16
16
16
16
16
16
16
16
17
17
16
16
16
16
16
16
16
16
16
16
17
16
17
17
17
17
17
17
17
17
17
17
17
17
17
17
17
17
17
18
17
17
18
18
18
17


