235
241
205
110
0
158
215
266
298
280
266
254
213
144
43
95
139
165
176
184
202
223
253
282
287
275
219
150
83
47
30
21
12
0
56
95
81
82
119
189
362
406
333
278
179
117
34
56
71
95
107
111
124
132
124
111
95
74
51
36
27
19
15
12
9
5
4
2
0
0
11
34
32
25
26
28
25
26
30
28
26
17
8
19
21
23
20
13
8
4
0
0
0
0
2
4
5
5
5
5
5
6
8
8
9
10
9
8
9
9
10
11
11
11
11
11
11
11
11
11
11
11
11
12
12
11
11
12
12
13
13
13
13
13
13
13
13
13
13
14
14
14
14
14
14
15
14
14
14
15
15
15
15
15
15
15
15
15
15
15


