28
61
74
75
87
98
101
128
144
139
115
87
60
36
21
14
10
6
4
0
0
15
47
60
49
45
47
43
39
43
74
170
271
260
153
9
26
41
51
58
61
65
66
58
49
41
27
15
10
6
5
2
2
0
0
0
0
2
2
2
2
4
5
11
26
43
49
43
29
28
29
29
28
25
8
2
5
5
6
5
4
2
0
0
0
2
4
4
5
6
6
8
9
9
9
9
10
10
10
11
11
10
11
11
11
11
12
12
12
12
12
11
12
12
13
12
13
13
14
13
13
14
13
14
14
14
14
14
15
14
14
15
15
15
16
16
15
15
16
16
16
16
16
16
15
16
16
16
16
16
16
16
17
16
16
17
17
17
17
17


