61
94
125
130
130
136
115
75
47
30
5
124
170
237
286
293
305
291
226
146
132
111
23
102
128
137
140
142
134
131
143
159
162
148
123
95
58
36
28
21
17
11
5
5
10
30
151
403
324
226
239
246
238
189
137
45
82
123
144
160
168
161
154
140
123
102
86
73
61
49
39
30
24
18
14
12
8
0
2
0
0
0
0
0
0
0
2
2
2
2
2
2
4
4
2
2
0
0
0
0
0
0
2
2
0
0
2
5
9
9
9
9
9
9
9
10
9
10
10
10
10
11
10
11
11
11
11
11
11
11
11
11
11
11
11
11
11
11
11
12
11
12
11
12
11
12
12
12
12
12
13
13
13
13
13
13
13
13
14
14


