54
53
61
77
82
87
110
137
143
147
153
139
117
95
63
36
19
10
0
16
70
78
75
94
114
124
124
125
123
138
153
164
162
142
77
24
60
87
108
125
123
107
95
74
49
30
17
11
5
2
0
2
5
6
8
8
9
9
9
10
11
11
12
12
12
12
12
13
15
21
38
58
70
75
69
65
63
47
12
0
5
5
2
0
0
2
4
5
8
9
10
10
10
11
11
11
11
12
12
12
13
13
13
13
13
13
14
14
14
14
15
15
14
14
15
15
15
15
15
15
15
15
15
16
16
15
15
15
16
16
16
16
16
16
16
16
16
16
16
17
16
16
17
16
16
17
16
17
17
17
17
17
17
17
17
17
17
17
17
17


