143
151
161
144
103
87
71
9
102
152
158
131
95
75
63
58
51
45
39
32
25
21
17
15
11
10
8
2
13
39
32
28
30
30
32
34
36
30
51
92
132
111
32
34
65
81
78
65
51
32
19
12
9
5
4
4
0
0
0
0
0
2
2
5
10
14
25
36
39
41
41
32
32
34
24
0
19
24
14
5
2
0
0
2
2
4
5
5
5
5
5
6
8
8
8
9
8
8
10
10
10
11
11
11
11
11
11
11
11
11
11
12
11
12
11
12
12
13
13
13
12
12
13
13
13
13
13
13
14
14
14
14
13
14
14
14
14
14
14
14
14
15
15
14
15
15
15
15
15
15
15
15
16
16
16
15
16
16
16
16


