142
163
38
54
65
36
16
15
19
29
47
78
90
86
82
78
102
103
124
134
116
108
98
79
51
5
74
131
192
220
233
262
284
298
275
205
66
41
82
99
99
95
90
91
82
79
74
65
54
47
43
41
32
25
18
14
9
4
2
16
39
53
39
25
21
26
32
36
34
26
17
0
11
18
19
16
11
6
5
2
0
0
0
2
2
4
4
5
5
5
8
8
8
9
9
9
10
10
11
11
11
11
11
11
11
12
12
12
12
13
13
13
13
12
13
13
13
14
14
14
14
14
14
14
14
14
15
15
15
15
15
15
15
15
15
15
15
16
15
15
15
15
16
16
16
16
16
16
16
16
16
16
16
16
16
16
16
16
17
17


