212
236
300
253
231
241
120
56
121
144
161
159
163
184
202
212
202
177
142
108
66
32
16
10
5
0
11
38
32
27
43
69
91
91
95
115
182
275
331
284
211
20
69
115
121
116
102
87
70
56
43
32
20
13
10
5
5
2
2
0
0
0
2
2
4
4
5
4
5
5
5
5
6
6
6
8
8
8
8
10
12
11
11
11
11
11
11
11
11
11
11
11
11
12
11
12
11
12
12
12
12
12
12
12
12
12
12
12
12
12
13
12
13
13
12
13
13
13
13
13
13
13
14
14
14
14
14
14
14
14
15
15
14
14
15
14
15
15
15
15
15
15
15
15
15
15
15
15
15
16
15
15
16
16
15
16
16
16
16
16


