112
91
78
83
87
91
95
87
82
73
66
58
49
32
20
0
60
119
136
151
171
198
196
146
73
23
39
36
34
32
32
30
30
30
28
28
28
28
26
24
23
24
21
20
20
20
20
19
19
18
17
16
15
15
13
14
13
12
11
11
11
10
20
34
34
36
41
47
49
47
43
43
47
45
41
30
23
18
19
16
11
6
2
0
2
5
5
5
5
5
5
6
6
6
6
6
8
5
0
0
2
0
0
0
0
0
0
2
2
4
4
5
5
5
6
6
9
10
10
10
10
11
11
12
12
13
13
13
13
13
13
13
13
14
13
14
14
14
14
14
14
15
14
15
15
14
15
15
15
15
15
15
16
15
16
15
16
16
15
16


