342
308
248
111
32
79
99
101
100
104
104
102
99
95
91
86
79
74
61
49
43
36
32
27
24
16
5
24
77
111
137
144
155
155
152
144
135
98
0
36
56
75
91
95
86
74
66
60
54
49
41
34
29
25
20
19
17
15
13
12
11
11
9
6
2
0
10
23
30
26
20
18
21
17
0
10
14
13
10
5
5
4
4
2
2
0
0
0
0
0
0
0
0
0
2
2
2
4
4
5
4
5
5
5
5
5
6
6
6
6
6
8
8
6
6
8
6
8
8
9
10
10
11
11
10
10
11
11
11
11
11
11
11
11
11
11
12
12
11
12
12
12
12
12
13
12
13
13
12
12
12
13
13
14
14
13
13
13
13
13


