123
137
129
111
91
70
39
20
128
180
217
251
258
252
275
280
256
223
184
124
5
78
120
143
151
152
152
151
143
139
137
135
124
111
99
85
74
68
61
54
47
38
30
17
10
47
71
96
124
137
131
127
131
115
100
39
29
58
69
78
90
94
88
81
70
61
51
45
41
34
29
26
21
20
18
16
13
9
6
4
2
8
5
0
0
0
0
0
5
10
10
9
10
9
8
6
6
5
2
0
0
0
0
0
0
0
0
0
0
0
0
0
0
2
2
2
2
2
2
4
2
4
4
5
5
5
6
5
6
8
8
9
9
9
9
9
9
10
10
10
10
11
10
11
11
11
11
11
11
11
11
11
11
11
11
11
11
12
12
12


