16
13
65
100
129
182
227
254
273
280
275
284
266
236
233
188
69
60
104
119
129
123
116
115
107
100
99
96
98
95
90
87
85
78
74
68
63
53
30
5
20
32
29
30
36
51
74
144
260
258
253
253
217
147
4
53
74
86
94
101
99
94
99
99
92
86
77
69
58
49
45
39
34
30
26
21
20
17
14
12
8
2
0
0
0
2
2
2
0
0
0
0
2
2
4
4
4
4
4
2
2
0
0
0
0
0
0
0
0
2
2
2
4
5
5
5
5
5
5
5
6
6
6
6
6
8
8
8
8
8
9
8
8
8
9
9
9
9
9
9
9
10
10
11
11
11
11
10
10
11
11
11
11
11
11
12
11
11
12
11


