103
100
92
71
53
38
26
18
11
4
45
77
99
148
217
262
278
282
258
230
211
179
151
15
60
82
98
101
96
90
86
86
78
70
71
71
69
64
56
51
41
34
29
19
11
2
13
45
74
87
82
78
79
82
82
86
78
73
58
2
60
95
98
87
74
60
45
32
24
17
12
9
6
5
2
0
0
0
2
4
4
5
5
5
5
5
6
8
9
9
10
10
10
9
9
10
10
11
11
11
11
11
11
11
11
12
12
12
11
12
13
12
12
12
13
12
13
13
13
13
13
13
14
14
13
13
14
14
14
15
14
14
15
14
14
15
14
15
15
14
15
14
15
15
15
15
15
15
15
15
15
16
16
16
16
15
15
16
16
16


