88
90
95
87
65
21
24
82
87
81
79
74
82
91
101
96
99
27
58
106
104
90
101
104
111
121
98
79
87
95
95
95
87
82
65
49
34
24
24
21
16
8
0
8
11
11
11
11
11
11
13
12
11
9
0
6
9
5
2
0
0
4
6
9
10
11
11
11
13
14
19
32
54
74
95
90
60
20
5
0
4
2
0
0
0
2
5
5
8
9
11
11
11
11
12
12
12
13
13
13
13
14
14
14
14
15
15
15
14
15
14
15
16
16
16
16
16
16
16
16
16
16
16
16
17
17
17
17
17
17
17
17
17
17
17
17
18
17
18
18
18
18
18
18
18
18
18
18
18
18
18
18
18
18
17
18
17
18
18
18


