58
56
54
53
49
41
30
23
12
4
6
36
68
87
119
144
150
165
170
161
143
131
91
5
29
45
60
65
61
60
58
54
51
49
49
47
43
38
30
20
14
10
5
5
2
0
0
0
0
6
18
25
24
27
30
32
36
39
34
30
26
5
6
18
20
19
14
11
9
4
0
0
2
2
4
2
5
6
6
6
6
8
8
8
9
9
10
10
9
10
11
11
11
11
11
11
11
11
11
11
12
12
12
12
12
12
12
12
12
12
13
13
13
13
13
13
13
12
13
13
13
13
13
13
14
14
14
14
14
14
14
14
14
14
14
15
15
15
15
15
15
15
15
15
15
15
15
15
15
15
16
16
16
16
16
16
16
16
16
16


