130
120
116
106
120
127
87
60
30
69
88
99
103
120
130
137
143
152
159
146
121
87
51
28
19
14
11
6
5
0
20
47
34
23
18
20
39
120
242
295
305
302
258
115
9
36
54
70
78
86
86
64
41
20
11
11
12
24
34
39
36
30
30
21
14
10
6
5
2
2
0
0
11
30
32
18
9
5
5
4
5
5
5
5
5
5
5
5
4
2
0
0
0
0
2
2
2
5
5
5
6
8
8
8
8
6
8
8
10
10
10
11
11
11
11
11
11
12
12
11
12
11
12
11
12
13
12
12
13
13
12
13
12
13
13
14
13
13
13
14
13
13
14
14
14
14
14
14
14
14
14
15
14
14
14
14
14
14
14
15


