0
11
65
169
235
226
200
186
192
234
219
178
132
86
5
43
51
63
68
68
70
71
71
78
79
83
96
94
81
65
45
30
18
9
2
4
16
53
100
125
140
147
150
145
144
144
137
107
15
32
70
92
91
83
74
58
43
34
21
12
6
2
0
0
0
2
5
6
8
8
9
9
10
9
10
11
11
11
11
11
11
11
11
12
12
13
12
14
16
20
18
17
17
16
13
12
12
12
12
12
13
13
13
14
14
14
14
14
14
14
14
14
15
15
15
15
15
15
16
16
15
16
16
16
16
16
16
16
16
16
16
16
16
17
17
17
17
16
17
17
17
17
17
17
17
17
17
17
17
18
18
17
18
18
17
18
19
18
18
19


