135
112
77
56
36
26
61
74
85
101
108
98
95
96
116
137
124
112
88
51
32
24
18
11
17
92
144
161
171
171
181
178
161
130
78
9
51
70
87
87
83
92
98
108
115
106
91
69
56
41
25
17
12
11
6
5
2
20
20
20
21
26
27
30
36
43
51
58
69
74
64
39
24
25
54
61
58
43
36
32
29
24
16
11
5
4
2
0
0
2
2
4
5
5
5
5
6
6
8
8
9
8
9
9
9
10
10
10
11
10
11
11
11
11
11
11
11
11
12
11
11
12
11
12
12
12
12
13
13
12
13
13
14
14
14
14
14
14
14
14
14
14
14
14
14
14
14
14
15
15
15
15
15
15
15
15
15
15
15
15


