39
11
34
82
131
129
132
128
130
127
123
114
91
61
11
49
74
98
102
95
85
87
91
88
87
86
81
66
51
32
17
5
14
61
131
181
220
234
242
256
243
215
143
0
66
95
119
134
142
135
121
102
74
51
34
23
12
6
4
2
0
0
2
9
20
27
23
21
20
18
15
13
13
15
14
0
5
8
6
5
2
0
0
0
2
4
5
5
6
8
9
9
10
10
10
10
10
11
11
11
13
15
14
14
14
14
14
14
14
13
14
13
13
13
13
13
12
13
13
14
13
13
14
13
13
14
15
15
14
15
15
15
15
15
15
16
15
16
17
16
16
16
16
16
16
17
17
17
17
17
17
17
18
17
17
17
17
17
18
17


