65
82
91
82
73
65
64
96
135
129
100
98
100
94
91
86
65
14
54
128
136
130
140
139
144
145
128
103
82
60
0
36
53
65
77
87
102
100
99
103
103
103
94
81
68
53
36
19
2
5
18
49
91
103
87
83
78
77
87
95
100
92
79
58
20
24
56
70
64
54
51
43
20
5
0
4
6
9
9
11
12
13
14
15
15
15
15
15
16
17
17
17
17
17
17
17
18
18
17
18
18
20
19
19
19
19
19
19
19
19
19
19
19
19
19
18
18
19
18
18
18
18
18
18
18
19
18
19
18
18
18
18
18
19
19
19
19
19
18
19
19
19
19
19
19
20
19
19
20
20
20
20
19
19
20
19
20
19
19
20


