236
237
262
277
275
88
32
60
69
74
74
71
70
69
63
60
65
47
29
27
16
15
101
185
256
295
296
271
258
263
266
245
195
39
63
100
127
140
146
153
150
144
137
103
65
47
38
30
27
23
19
15
13
11
8
0
0
0
0
0
0
0
0
5
6
5
0
0
0
0
0
0
6
11
11
11
11
9
8
5
5
4
2
0
0
0
0
2
2
4
4
5
5
5
5
5
5
5
5
5
6
8
6
8
9
8
8
9
9
9
9
9
10
10
10
10
10
10
11
11
11
11
11
11
11
11
11
11
11
11
11
11
10
11
11
11
11
11
12
11
12
12
12
12
12
12
13
13
13
13
13
13
13
13
13
13
13
14
14
14


