342
295
364
437
392
187
70
253
310
302
258
252
227
210
171
155
121
102
96
111
138
158
200
195
225
230
205
186
156
138
96
0
94
194
256
287
308
313
317
361
390
364
333
107
74
95
101
117
129
137
129
120
104
90
82
85
99
99
91
87
74
68
64
45
25
0
32
79
124
146
151
156
146
111
20
32
74
95
95
81
65
51
36
27
18
12
10
8
5
4
4
2
0
0
0
0
0
0
0
2
2
4
5
4
5
5
5
5
5
5
6
6
6
8
8
8
8
9
9
9
9
10
10
10
10
9
11
10
11
11
11
11
11
11
11
11
11
12
11
11
11
11
11
11
11
11
11
11
12
13
12
13
13
14
13
14
14
14
14
14


