75
103
114
123
130
136
136
115
116
124
120
100
82
78
70
49
30
23
2
65
107
120
132
132
138
144
161
185
198
191
173
91
53
112
125
127
130
135
120
101
96
95
95
90
82
70
53
38
29
21
18
16
13
11
0
5
5
8
13
18
25
38
47
60
41
19
10
17
36
47
43
36
32
29
21
17
11
9
5
5
5
4
2
0
0
0
0
0
0
0
0
0
0
2
2
2
2
2
2
4
4
5
5
5
5
5
6
6
5
6
6
6
8
8
8
9
8
8
9
10
9
9
10
10
10
10
10
11
11
11
11
11
11
11
11
11
11
11
11
12
11
11
11
12
12
12
12
13
13
13
13
13
13
13
13
14
14
15
14
14


