134
124
135
129
119
102
125
142
128
140
120
88
54
23
69
143
170
144
155
152
142
135
102
82
43
47
60
65
74
82
78
68
66
75
87
91
107
124
128
111
74
43
29
13
28
83
130
153
163
144
108
81
78
107
120
114
103
91
54
78
170
185
168
143
116
99
83
63
41
26
15
10
6
4
2
0
0
2
4
2
5
4
5
5
5
6
8
8
9
11
15
13
12
11
11
11
11
11
11
11
11
11
12
12
11
10
9
8
9
9
9
9
10
10
10
10
11
11
11
11
12
12
12
12
12
13
14
14
14
14
14
14
14
14
14
15
14
15
15
15
15
15
15
16
16
16
16
16
16
16
16
16
17
16
16
16
17
17
17
17


