83
83
87
102
117
130
154
146
125
88
51
26
12
4
0
12
64
112
144
204
277
287
263
231
200
172
168
120
0
61
79
91
101
104
98
107
121
120
112
91
58
32
20
13
9
5
2
0
0
15
21
19
20
27
41
58
78
86
86
78
65
56
20
19
39
41
36
34
29
24
19
13
9
5
2
0
0
2
4
5
5
6
6
5
8
8
10
10
14
17
14
13
14
14
14
15
15
12
10
10
9
10
10
10
10
11
11
11
11
11
11
11
11
12
12
13
12
12
12
12
12
13
13
13
13
14
14
14
13
14
14
15
15
14
14
15
15
15
15
15
15
15
15
15
16
16
16
15
16
15
16
16
16
16
16
15
16
16
16
17


