49
56
54
53
56
53
43
25
0
9
14
16
15
16
15
12
9
6
5
2
0
0
0
0
0
0
0
2
2
2
2
4
4
4
5
5
5
5
5
6
6
6
8
9
8
8
8
9
9
9
9
8
9
9
9
10
10
11
11
12
14
18
27
32
34
39
43
41
47
54
58
49
45
47
51
49
51
56
39
8
0
13
20
21
20
16
13
9
5
2
0
0
2
2
5
6
6
8
8
9
10
10
9
11
11
11
11
11
12
12
11
12
12
12
12
12
13
12
12
13
13
13
13
13
14
14
13
14
14
14
15
15
15
16
15
16
16
17
16
17
16
17
16
17
16
17
17
17
17
17
17
17
16
17
17
17
18
18
17
17


