16
11
0
29
75
112
131
144
148
140
142
164
168
145
119
107
43
25
53
71
79
83
78
78
78
74
70
64
58
47
36
30
27
23
20
18
14
11
6
0
5
15
20
19
16
11
9
6
5
6
8
8
9
8
8
8
2
0
2
2
2
0
0
2
2
2
2
0
0
0
0
0
4
5
9
11
15
23
32
38
39
45
45
45
36
29
26
24
10
0
5
11
8
5
5
5
4
2
0
0
2
4
5
5
6
6
8
9
10
10
11
11
11
11
14
13
13
13
13
13
13
13
14
13
14
14
14
14
15
15
14
14
15
15
15
15
15
15
15
15
15
16
15
15
16
16
16
15
16
16
15
16
16
16
16
16
17
17
16
17


