38
30
23
23
21
20
12
8
5
2
0
0
0
2
4
4
5
10
11
11
11
11
11
12
11
11
11
14
27
60
170
200
112
39
4
9
17
21
21
21
19
14
11
5
0
0
0
2
5
15
23
24
29
71
104
120
120
119
111
106
100
95
78
34
4
27
43
47
43
39
30
21
16
14
12
10
6
5
2
0
0
0
0
0
0
0
2
2
4
4
5
5
5
6
10
12
14
14
14
13
14
15
14
13
12
13
13
13
11
9
9
10
10
10
10
10
10
10
11
11
11
11
11
11
11
11
11
12
12
12
13
13
13
13
13
14
14
14
14
14
13
15
15
16
15
15
15
15
15
16
15
16
15
16
15
15
15
16
15
16


