21
25
26
25
26
27
30
32
29
30
34
36
43
47
51
41
34
20
5
2
2
2
0
6
8
8
8
9
9
9
11
11
12
12
14
16
16
16
18
17
17
17
18
19
20
26
25
23
23
23
25
25
25
25
24
25
26
27
28
27
21
16
13
11
12
12
12
13
15
16
16
16
15
16
16
16
18
19
18
18
19
19
20
20
24
24
24
24
24
24
25
27
27
26
27
28
28
28
24
17
15
13
12
13
14
15
15
17
18
19
18
18
18
18
19
19
20
20
20
19
20
20
20
20
20
20
20
20
20
20
20
20
20
20
20
20
20
20
21
21
20
20
20
20
20
20
20
20
20
20
20
20
20
21
21
20
20
20
20
20


