10
12
13
14
14
13
14
15
17
17
18
17
17
18
20
28
38
43
47
53
60
65
70
74
53
26
17
2
2
0
0
0
5
5
5
5
5
5
5
6
11
11
11
11
11
11
11
12
14
14
14
15
15
15
15
16
17
17
17
18
18
18
19
18
18
18
18
19
23
27
39
43
47
53
56
53
34
23
12
6
5
5
6
8
8
9
11
12
12
11
12
12
12
13
15
15
15
15
15
16
15
16
17
16
16
17
16
16
16
17
17
18
18
18
18
18
19
19
19
19
19
19
19
18
18
18
17
17
17
17
17
17
16
17
18
18
18
17
17
17
17
18
18
19
18
18
19
19
19
19
19
19
19
19
20
19
20
20
20
20


