45
41
34
29
23
18
11
0
0
4
4
5
5
6
10
12
13
14
14
14
14
16
20
20
21
24
27
34
45
58
74
74
74
78
82
86
81
58
26
4
13
13
12
11
11
9
2
2
2
2
2
2
4
5
8
10
11
11
10
11
11
11
13
15
17
19
18
19
20
21
21
23
26
28
36
45
56
66
58
43
27
20
9
0
0
4
5
5
8
8
8
9
10
11
12
12
11
11
11
11
13
14
15
15
15
15
15
15
16
16
17
17
17
17
19
19
19
18
17
18
19
20
21
21
21
20
18
18
19
17
17
17
17
17
17
17
17
17
16
17
17
17
18
18
18
18
18
17
17
18
18
18
19
19
19
19
19
19
18
18


