36
43
43
49
39
32
28
26
24
19
16
11
2
2
8
16
23
25
30
39
47
47
51
56
65
74
75
87
82
70
54
25
15
30
34
36
32
21
18
18
16
12
10
5
0
5
8
8
8
6
6
6
9
11
13
13
14
14
16
17
20
25
24
24
26
30
39
47
54
63
68
60
56
49
36
21
4
4
2
0
0
2
4
5
5
6
12
12
12
11
12
12
13
13
15
16
16
15
15
15
15
16
17
17
18
18
19
19
20
20
20
19
19
19
19
19
19
19
19
20
19
18
18
17
17
17
18
18
18
18
18
18
17
18
19
18
18
18
17
17
17
18
18
18
19
18
18
19
20
18
18
18
19
18
18
19
18
19
18
18


