156
139
124
114
102
103
87
70
51
32
36
39
43
66
74
51
25
10
0
0
0
0
8
11
45
79
87
94
88
99
100
87
86
82
56
10
49
74
74
60
53
45
39
36
32
23
15
11
9
5
2
0
0
5
6
11
17
17
17
18
20
20
20
21
29
34
38
36
28
24
17
10
6
5
5
5
5
6
6
11
12
12
12
12
12
13
12
13
15
15
15
15
15
16
15
15
16
17
17
17
17
17
18
17
18
18
19
19
19
19
20
19
20
21
20
20
20
20
20
18
19
20
20
19
18
18
18
18
17
17
17
18
18
18
18
18
18
18
18
18
19
18
19
19
18
18
18
18
19
19
19
19
19
18
18
19
19
19
19
18


