10
10
10
10
11
11
13
14
14
14
13
13
14
15
17
16
17
17
16
17
19
25
30
32
38
43
45
49
39
21
16
15
13
11
11
10
9
11
12
11
11
11
11
12
12
14
15
15
15
15
15
15
15
16
16
16
16
16
16
16
16
17
17
17
17
17
18
17
18
18
18
18
21
27
34
41
43
30
20
18
17
17
16
15
15
15
15
15
15
14
14
15
16
16
15
16
16
16
15
15
16
16
16
16
16
16
16
16
17
17
17
17
17
17
17
18
18
18
18
18
18
18
18
18
18
18
18
19
20
21
20
18
18
18
18
18
18
18
18
18
18
18
18
18
18
18
18
18
17
19
19
18
18
18
18
19
18
18
18
18


