19
19
20
26
34
39
43
45
51
53
58
60
56
34
20
14
5
0
0
0
2
2
0
0
0
2
4
9
11
11
11
12
11
11
12
15
16
17
16
17
20
20
20
20
20
23
28
34
41
45
53
60
60
47
30
24
17
8
5
5
5
5
5
5
6
10
11
11
11
11
12
12
12
15
15
16
16
17
17
16
17
18
17
18
18
19
19
20
20
20
20
21
24
27
30
32
34
27
20
18
18
17
18
19
18
18
19
18
19
18
20
18
18
19
17
17
16
17
17
17
17
16
17
17
17
19
19
19
19
19
19
19
20
19
20
20
20
20
19
19
19
18
19
19
19
18
19
19
19
19
19
19
19
19
19
18
19
19
19
19


