49
47
43
43
29
19
18
13
11
11
10
10
9
8
6
10
11
11
9
10
10
10
11
13
14
14
14
14
15
14
15
16
17
18
18
19
19
20
21
21
27
32
41
51
56
56
51
56
53
32
20
18
14
11
11
10
9
8
6
6
8
11
11
11
11
11
11
11
12
13
13
13
13
13
13
15
17
18
18
18
18
18
19
20
24
24
26
34
39
36
24
17
17
17
16
16
15
15
16
15
15
15
15
15
15
16
16
16
16
15
15
16
16
17
16
16
16
16
16
16
17
17
18
18
18
18
18
18
18
18
19
19
20
19
19
18
18
18
18
18
18
18
18
19
18
18
19
19
19
18
19
19
19
19
19
19
19
19
19
19


