20
17
11
8
5
2
2
5
9
8
8
9
9
9
8
9
11
12
12
11
12
13
17
20
19
18
18
20
23
27
34
43
51
53
54
58
51
30
19
16
12
10
9
6
5
5
9
11
10
9
8
8
8
10
12
13
12
11
12
12
11
13
14
14
15
15
15
15
15
17
18
18
18
18
17
18
18
18
19
23
26
32
39
43
45
47
36
20
17
15
16
16
16
15
15
14
14
14
14
15
15
15
15
15
14
14
16
15
15
15
15
15
15
16
17
17
17
17
17
18
19
18
18
18
18
18
18
19
19
19
19
19
19
18
18
18
18
19
18
18
18
18
18
18
19
19
18
19
18
19
19
19
19
19
19
18
18
18
19
18


