2
0
0
0
0
4
8
8
9
10
10
10
11
12
14
14
14
16
18
18
19
19
23
30
39
45
49
47
38
39
41
41
36
34
34
19
4
2
5
5
2
0
5
9
9
9
10
11
10
12
13
14
13
14
14
14
14
16
16
17
16
17
18
18
18
18
18
20
30
36
45
49
49
47
47
47
43
30
25
19
16
13
11
11
10
10
11
10
10
10
8
9
10
12
13
13
13
13
13
13
15
16
17
17
16
16
16
17
17
19
18
18
18
18
18
18
18
19
19
19
19
20
30
30
36
27
23
20
18
18
18
17
17
18
18
18
18
18
18
18
17
18
18
19
18
18
18
18
18
18
17
18
18
17
18
19
18
18
18
18


