9
8
9
10
10
10
11
13
14
14
14
16
25
32
36
34
28
28
36
27
34
28
32
23
18
16
13
9
5
4
5
6
5
5
5
6
5
6
9
11
11
12
12
12
12
13
14
15
15
17
16
17
16
18
26
32
34
39
39
38
38
36
34
21
19
16
15
15
14
13
13
13
12
11
10
9
9
11
12
12
23
25
26
25
24
26
26
26
24
25
24
24
24
24
24
24
24
23
23
23
23
23
21
23
21
21
21
21
21
23
21
20
20
23
21
21
21
21
21
21
21
20
21
20
20
20
20
20
20
20
20
20
20
20
20
20
20
20
20
20
20
20
20
20
20
20
20
19
20
20
19
19
20
20
20
19
19
20
19
19


