27
26
28
24
24
27
25
20
20
20
16
16
16
15
11
9
6
6
8
9
9
11
11
12
13
13
14
14
15
15
15
15
15
15
17
16
16
16
18
21
21
20
19
19
18
20
20
24
24
23
20
27
25
26
23
19
19
20
15
11
9
11
12
13
13
13
13
15
16
16
16
16
16
16
18
18
17
17
17
17
17
19
18
17
18
20
23
23
20
20
20
21
24
21
27
27
20
26
30
30
28
24
20
15
12
11
11
12
13
14
15
15
16
15
16
17
17
17
17
17
17
17
19
20
21
20
20
20
20
20
19
18
18
18
19
18
18
18
18
18
18
18
18
17
18
18
18
18
18
17
18
17
17
17
17
17
17
19
19
19


