74
70
64
58
51
45
41
34
30
26
12
5
4
26
136
161
138
106
87
81
83
102
128
131
102
16
39
65
83
91
88
91
88
82
75
70
65
58
51
45
38
32
25
23
20
19
17
16
14
12
10
6
5
5
4
2
2
0
21
74
167
401
406
408
326
236
228
221
121
19
60
77
91
99
88
87
86
77
70
69
66
54
45
43
41
36
34
32
30
25
23
20
20
18
17
16
14
11
11
11
11
10
10
11
9
9
8
6
6
5
5
5
5
4
2
2
2
2
2
2
0
0
0
0
0
0
0
0
0
0
0
0
0
0
0
2
2
2
4
2
2
4
4
4
5
5
4
5
5
5
6
5
5
6
6
8
6
8
8
8


