29
27
27
25
23
21
20
20
20
18
15
2
6
13
12
15
23
30
47
78
101
107
70
69
100
58
20
60
107
95
70
56
47
39
34
28
24
20
18
16
17
15
11
11
11
6
6
11
11
5
2
2
2
0
0
0
0
0
2
5
5
5
6
18
29
36
38
17
17
20
20
17
19
11
11
18
5
0
0
2
2
0
0
0
2
2
4
4
2
5
5
5
5
5
6
8
9
15
15
14
12
14
13
13
14
14
14
14
14
14
14
14
15
15
15
15
15
15
16
15
16
16
16
15
16
16
16
16
16
16
16
16
16
16
16
16
16
15
16
16
16
17
17
17
17
16
16
16
16
16
17
17
17
17
17
18
17
17
17
17


