225
229
220
200
195
178
148
116
92
71
60
49
43
39
36
32
28
9
27
47
71
114
139
194
195
114
36
38
70
86
87
79
68
60
49
43
38
34
30
28
26
23
20
19
17
16
15
13
8
8
8
6
4
0
14
56
58
66
70
96
103
142
155
78
36
2
27
39
45
45
43
41
41
39
34
30
23
17
14
13
11
11
11
9
8
6
6
5
5
5
4
4
2
2
2
0
0
0
0
0
0
0
0
0
0
0
2
2
2
2
2
2
4
4
4
5
4
5
5
5
5
5
5
5
6
6
6
8
8
8
9
9
8
8
9
9
9
10
10
10
10
10
11
10
11
11
11
11
11
11
11
11
11
11
11
11
11
11
12
11


