39
41
78
277
342
305
305
300
310
307
347
329
254
242
227
138
78
338
406
485
446
322
305
227
161
139
23
63
88
110
128
147
152
153
139
123
121
124
127
121
110
99
95
98
90
70
41
10
11
13
13
13
13
13
14
16
13
11
0
2
4
5
2
0
0
0
2
8
13
16
20
20
21
47
98
151
191
195
158
104
36
0
14
20
19
20
18
14
11
5
2
0
2
0
0
0
0
2
4
6
9
8
5
5
6
6
8
10
11
12
13
12
12
13
13
13
14
15
14
14
15
15
15
15
15
16
15
15
15
16
16
16
16
16
16
16
15
16
16
16
16
17
17
17
17
17
17
17
17
17
17
16
17
17
17
17
17
17
17
17


