128
74
116
130
151
161
171
185
186
176
160
134
99
70
56
51
47
45
45
43
36
32
30
29
25
12
11
8
10
23
60
115
159
162
127
139
119
101
107
66
25
91
100
103
95
82
73
65
58
45
36
32
30
28
25
21
21
17
15
13
11
11
10
9
8
5
5
4
4
4
2
2
2
2
0
0
2
0
0
0
0
0
0
0
0
0
0
0
0
0
2
2
2
2
2
2
2
2
4
4
4
4
5
5
5
5
5
5
5
6
5
6
6
8
8
8
8
8
9
9
9
10
9
9
9
9
10
10
11
11
10
11
11
11
11
11
11
11
11
11
11
11
11
12
11
11
12
12
12
12
13
12
12
12
13
12
13
13
13
14


