95
98
100
106
103
128
137
124
119
106
82
61
49
24
14
116
194
221
236
193
151
153
146
128
112
69
32
68
85
95
101
98
98
107
116
120
103
83
68
56
43
32
24
20
13
9
5
0
0
2
2
4
8
8
8
10
10
13
16
16
17
23
34
54
74
147
228
245
203
140
108
87
8
34
51
51
39
34
29
24
20
12
5
4
2
0
0
0
0
2
4
4
4
5
5
5
6
8
6
6
8
8
8
9
9
10
9
9
9
9
9
11
11
11
11
11
11
11
12
11
12
12
12
12
12
13
13
12
13
13
13
13
14
13
14
14
13
14
14
14
14
14
14
14
14
15
14
14
15
15
15
16
15
14
15
15
15
15
15
16


