63
53
13
45
90
87
78
70
64
74
85
98
101
17
53
61
58
61
66
68
63
66
71
78
71
82
88
74
61
53
56
60
49
15
28
60
69
86
103
91
85
82
64
41
17
23
41
47
49
47
45
36
32
30
34
29
23
20
18
16
14
15
14
12
9
2
0
4
5
4
5
9
11
26
49
64
77
77
70
69
39
2
10
19
20
18
12
6
2
0
0
2
2
0
2
4
5
5
5
6
5
5
5
5
6
6
8
11
11
10
10
11
11
11
11
12
12
11
11
12
12
12
14
14
14
14
13
13
14
14
15
14
15
15
15
14
15
15
15
15
15
16
15
15
16
16
16
16
16
16
15
16
16
15
16
17
17
17
17
17


