43
25
5
66
88
102
108
107
94
99
110
92
92
87
60
0
32
45
53
51
58
64
70
66
71
77
71
60
49
39
32
25
21
12
2
16
53
85
106
110
115
145
202
256
258
258
241
168
14
32
53
68
70
71
74
73
65
61
56
47
43
34
26
20
15
13
10
6
4
2
0
0
0
0
2
4
6
8
8
8
8
8
8
9
9
9
9
10
9
10
10
11
10
11
10
11
11
11
11
11
11
11
11
11
11
11
12
11
11
11
11
11
12
12
11
12
12
12
12
12
12
12
13
13
13
13
14
14
13
14
14
14
14
14
14
14
15
15
15
15
15
15
15
15
15
15
16
16
16
15
16
16
16
15
16
16
16
16
16
16


