51
51
43
47
53
56
54
60
61
51
54
56
58
56
49
36
25
11
6
58
116
162
184
192
187
164
175
152
112
24
28
45
53
49
45
53
54
53
49
45
41
32
27
24
23
21
18
14
11
8
5
2
2
0
0
0
0
2
2
4
5
5
5
5
6
8
10
14
26
30
30
36
36
36
30
27
26
28
29
13
5
2
0
2
2
0
2
2
4
5
6
8
8
8
8
8
8
9
10
11
11
11
11
11
11
11
12
12
12
11
12
13
13
13
13
13
14
13
13
14
14
14
14
14
14
14
14
15
15
15
15
15
15
15
15
16
16
15
16
16
16
15
15
16
16
16
16
16
15
15
16
16
16
16
16
16
16
16
16
16


