91
92
99
124
130
121
120
107
88
69
54
43
30
25
19
12
6
2
2
25
30
36
51
70
132
210
280
308
298
286
273
218
60
43
83
92
99
99
88
78
73
68
60
49
41
36
30
24
20
17
13
11
8
6
5
5
2
2
0
0
0
0
2
4
4
4
4
4
4
5
5
5
5
5
5
5
5
5
5
6
8
6
6
6
6
6
6
6
6
8
9
8
9
9
9
10
9
10
10
10
10
10
10
10
11
11
11
11
11
11
11
11
12
12
12
12
12
12
12
12
12
12
12
12
12
12
12
13
13
13
13
13
13
13
13
13
14
14
14
14
15
14
14
14
14
14
14
14
15
15
16
15
15
15
15
15
16
15
15
15


