45
47
47
34
11
16
51
71
99
127
137
128
115
102
82
65
53
10
39
56
66
70
69
64
66
68
58
54
53
49
38
28
23
18
12
8
4
2
0
0
0
2
5
5
5
10
29
45
61
83
121
144
167
180
200
197
191
160
65
11
36
54
64
60
56
49
43
36
28
24
18
15
12
11
9
5
4
0
0
0
0
0
0
2
2
4
5
5
5
5
5
5
6
6
6
8
8
8
8
9
10
10
10
10
9
10
10
11
11
11
11
11
11
11
11
11
12
11
12
12
12
12
13
13
12
12
13
13
12
13
12
13
13
13
13
13
14
13
13
13
14
14
14
14
13
14
14
15
14
14
14
15
15
15
15
15
15
15
15
16


