220
187
143
102
65
38
74
78
71
65
61
53
49
47
47
49
51
47
39
32
30
30
30
30
32
32
29
27
28
28
25
19
12
8
4
0
0
2
8
25
53
82
108
124
119
112
115
102
87
83
98
73
8
17
30
41
51
49
43
39
34
30
28
24
19
15
11
11
11
10
5
2
0
0
2
2
2
4
5
5
6
8
9
9
8
9
9
10
11
11
11
11
11
11
11
11
11
11
12
12
13
13
12
13
13
12
13
14
13
13
14
13
13
13
13
13
14
14
14
14
14
14
14
14
15
14
14
14
14
14
14
14
14
14
15
15
15
15
15
15
16
16
16
15
16
16
16
17
16
16
15
16
16
16
16
16
16
16
16
16


