74
56
20
60
65
60
53
58
60
64
74
75
73
71
66
54
43
34
28
21
16
12
10
6
2
2
17
39
47
56
82
124
148
189
194
212
273
256
134
12
63
71
64
56
51
45
38
34
26
20
20
21
20
20
16
12
6
4
5
5
4
2
0
0
0
0
0
0
0
0
2
4
4
5
4
4
5
6
6
9
9
9
8
9
8
9
9
9
10
10
9
9
9
10
10
10
11
11
11
11
11
11
11
11
12
12
11
11
12
12
13
13
13
13
12
12
13
13
13
14
14
13
13
13
13
14
15
15
13
14
14
14
15
15
16
15
15
14
15
15
15
16
15
15
16
15
16
16
16
16
16
16
16
16
17
17
17
17
17
17


