24
10
5
2
0
4
6
10
13
16
17
18
20
20
25
38
61
94
112
120
124
119
117
115
110
106
99
70
9
15
26
30
32
27
20
20
20
17
15
11
8
5
2
0
2
5
6
8
8
11
12
19
34
53
70
87
94
94
87
85
82
75
39
5
4
16
20
19
18
14
11
10
9
6
2
0
0
0
2
2
4
5
5
5
5
6
6
6
8
9
9
9
10
9
9
10
10
10
11
10
11
10
11
10
11
11
10
11
10
10
9
10
8
5
5
2
2
2
2
2
4
5
5
5
5
5
5
5
5
6
6
6
5
6
6
6
8
8
8
9
8
8
9
9
9
9
9
9
10
10
10
11
11
11
11
11
11
11
11
11


