43
65
70
79
82
82
81
71
66
63
64
81
87
81
85
75
65
60
61
58
43
34
15
15
60
114
137
162
182
184
185
178
171
184
161
121
36
45
60
60
60
68
65
60
60
58
51
53
51
51
51
49
41
36
39
38
32
28
21
11
0
16
30
49
70
78
78
82
92
87
79
69
21
15
28
29
32
36
34
32
30
30
24
20
21
19
15
12
9
5
2
2
5
4
2
0
0
0
0
2
2
2
5
5
5
5
5
6
5
6
6
5
6
5
8
6
8
8
8
9
9
10
9
9
10
10
11
11
11
11
11
11
11
11
11
11
11
12
11
11
11
12
13
13
14
14
13
13
13
13
13
14
13
12
13
13
13
13
14
14


