43
51
60
61
61
65
65
61
65
65
61
53
43
45
47
43
39
39
34
24
8
13
47
87
107
121
137
153
156
155
159
153
139
123
88
14
39
54
58
61
64
54
47
49
49
45
45
43
39
32
30
32
30
25
20
15
5
5
24
39
60
74
78
78
77
74
61
26
4
15
21
24
20
20
20
19
18
17
15
12
9
10
11
8
5
2
2
0
0
0
0
0
0
2
2
2
4
4
4
4
4
5
5
5
6
6
8
8
8
9
9
9
10
10
10
10
9
10
11
11
11
11
11
11
11
11
12
12
12
12
12
13
13
13
13
12
13
13
13
14
13
14
14
14
14
13
14
14
13
13
14
15
15
15
14
15
15
15
15
15


