27
0
45
99
128
140
159
168
178
191
173
160
135
107
30
43
61
70
66
66
68
68
61
58
56
58
53
51
51
49
45
45
41
36
29
27
21
9
5
28
49
65
77
85
91
95
90
78
39
5
19
29
32
32
32
32
26
23
27
27
21
20
18
17
14
12
12
11
9
5
5
2
0
0
0
0
0
0
0
2
2
2
2
4
2
4
4
5
5
5
5
5
5
5
6
6
8
6
8
9
8
9
9
9
10
10
9
10
10
10
11
11
11
11
11
11
11
11
11
11
11
12
12
12
12
12
12
12
12
12
13
13
13
14
14
16
24
18
13
13
13
14
16
20
28
30
30
32
27
20
14
12
12
11
11
11
11
11
11
13


