91
107
111
144
136
115
117
69
32
74
99
101
99
91
82
82
77
69
63
60
49
39
36
39
34
30
30
27
23
17
16
17
14
11
2
8
28
45
53
65
73
81
81
65
17
19
32
39
41
39
34
26
25
24
20
19
16
13
11
9
11
11
9
8
8
5
4
5
5
5
2
2
0
0
0
0
11
20
21
26
32
36
30
16
0
8
11
12
20
19
14
13
11
5
0
0
0
0
4
4
4
5
5
5
4
5
6
6
6
9
8
6
6
6
8
8
9
11
9
8
9
9
10
10
11
10
8
9
10
10
10
10
11
11
10
10
11
11
11
12
12
11
11
11
12
11
11
13
11
11
12
12
13
13
13
13
13
12
13
14


