153
87
9
47
58
71
82
75
75
77
71
66
64
63
60
61
71
70
64
60
58
58
49
30
8
21
63
99
137
154
162
187
193
195
198
185
167
152
119
41
41
63
70
81
83
77
69
65
68
66
64
60
58
54
49
49
49
47
45
39
30
18
0
29
58
75
95
102
104
99
95
94
85
71
54
0
24
39
45
47
51
51
49
49
47
45
39
34
30
28
23
20
17
11
9
8
5
4
0
0
0
2
2
2
4
6
11
13
10
8
5
5
5
5
5
5
6
6
6
6
9
9
9
10
10
10
10
10
11
11
11
11
11
11
11
12
12
12
11
12
12
13
13
13
13
13
13
13
13
14
14
14
14
14
14
14
15
14
15
15


