15
15
14
15
14
14
15
15
17
20
25
32
41
53
61
70
82
77
78
77
71
78
85
85
77
74
100
128
158
152
188
201
225
222
203
160
144
91
61
34
9
5
30
56
79
103
100
92
83
79
78
74
63
56
47
43
39
36
32
32
30
21
15
17
14
8
5
4
2
0
0
0
0
2
2
2
4
5
4
4
6
6
9
8
10
10
8
8
9
9
9
10
11
11
9
9
9
10
9
10
11
11
11
13
14
15
17
20
27
24
16
13
12
11
11
11
12
11
11
11
12
13
13
13
14
14
14
14
14
15
16
15
16
16
15
15
15
15
16
16
16
16
16
15
16
16
16
16
17
17
16
16
16
17
17
17
17
17
16
17


