53
56
61
60
58
60
58
53
41
30
17
5
41
78
99
104
115
127
125
123
120
114
98
83
75
12
34
47
51
53
53
47
43
49
53
45
41
34
34
32
30
30
32
32
29
25
21
18
15
14
11
0
5
19
34
47
56
61
61
61
65
64
61
58
32
0
11
23
27
28
26
18
13
14
14
10
6
5
5
2
0
0
0
0
0
0
2
2
2
2
2
4
4
5
6
6
9
9
9
10
11
11
11
11
11
11
11
11
11
11
12
12
12
12
12
12
13
14
14
14
14
14
14
15
14
30
39
39
38
36
36
34
34
34
34
32
32
32
30
30
30
30
30
30
30
29
29
29
29
28
27
27
26
27
26
26
26
24
25
24


