144
150
165
162
163
150
143
127
88
49
14
53
58
60
60
58
51
43
49
54
53
49
49
51
43
38
43
45
39
34
29
28
18
2
6
20
41
60
74
79
82
79
74
71
65
58
30
2
13
28
39
41
41
39
30
23
20
20
21
20
19
20
15
11
10
8
5
2
0
0
2
5
5
5
5
5
5
5
6
6
6
8
9
9
9
10
10
10
10
11
11
11
11
11
11
11
11
11
12
12
12
13
13
12
13
13
13
13
13
13
13
14
14
15
15
14
14
14
14
14
14
15
15
14
15
14
15
15
15
15
15
16
15
16
16
16
16
15
17
16
16
17
16
17
17
17
17
17
17
17
17
17
17
17
17
17
16
17
17
18


