12
53
61
68
70
74
11
0
4
5
5
8
10
11
21
32
51
73
85
86
86
88
91
85
71
63
53
38
5
19
56
95
92
99
95
96
88
85
82
79
81
74
83
18
47
82
99
103
108
110
107
103
103
95
65
41
24
15
24
27
27
32
38
43
47
49
47
49
51
53
56
58
63
71
82
92
101
102
99
98
91
88
65
45
34
25
12
11
16
21
27
32
36
38
39
41
41
41
43
43
43
43
41
41
41
41
41
41
41
41
43
43
41
39
39
39
39
38
38
38
38
36
34
34
32
32
32
32
30
30
30
29
28
29
28
28
28
28
27
26
26
25
25
24
23
21
20
20
19
18
17
15
13
11
10
9
6
4
2
11


