2
5
9
11
12
14
16
17
18
19
21
30
43
51
54
56
56
54
58
60
58
58
53
47
27
4
8
24
30
32
34
28
21
18
15
9
6
8
6
16
2
2
5
5
9
6
0
0
0
4
10
10
8
5
2
0
9
30
18
30
30
29
29
11
10
6
11
15
16
19
23
23
25
28
32
34
39
49
56
60
61
65
65
60
60
58
47
27
9
0
4
5
0
8
13
17
21
24
24
25
26
27
28
28
28
28
29
29
29
29
29
28
27
27
27
26
26
26
26
26
26
25
25
25
25
24
23
23
23
21
21
20
36
41
34
20
19
19
18
18
18
18
18
18
16
17
17
28
27
24
25
21
15
11
10
8
6
6
5
6


