45
38
30
29
24
4
28
51
53
68
81
87
90
92
90
82
78
77
70
61
54
36
15
0
11
18
24
11
0
36
39
26
11
56
74
34
27
19
13
5
30
36
43
45
43
45
47
41
45
49
54
61
73
92
108
121
129
132
130
143
145
142
134
92
60
34
8
0
11
20
30
36
43
51
53
58
60
61
66
69
73
74
82
91
95
96
90
87
82
69
53
41
32
38
41
43
45
49
49
51
51
51
49
47
47
47
49
49
49
49
47
45
47
47
47
53
56
56
56
54
54
53
53
53
53
51
51
51
49
49
49
49
49
47
47
47
47
45
43
43
41
38
34
29
24
23
24
24
26
25
18
15
13
13
13
14
14
13
14
14


