0
17
30
39
49
49
43
47
53
47
38
38
38
30
23
12
2
9
36
56
65
70
68
77
73
70
66
60
47
16
5
24
30
30
36
36
36
34
36
32
29
28
21
14
12
9
4
0
0
8
18
30
38
47
51
54
47
39
28
4
5
13
17
20
16
15
19
17
15
11
11
9
5
6
5
5
4
4
4
2
4
5
5
5
8
9
8
10
11
13
20
34
43
43
38
28
21
27
38
47
60
65
66
65
58
61
58
61
82
107
77
0
13
12
13
15
18
36
47
47
47
45
45
45
45
45
47
47
47
45
45
45
45
43
43
43
43
43
41
41
41
39
39
39
39
39
38
38
36
38
36
36
36
36
34
38
41
41
41
41


