58
51
45
47
45
47
41
39
32
6
4
8
9
13
12
11
11
8
8
6
5
6
11
11
11
11
10
2
0
5
14
30
49
58
58
60
53
45
45
43
39
25
2
13
18
20
20
20
24
28
28
29
28
30
39
103
178
108
41
45
49
49
43
39
36
32
23
6
0
12
19
20
11
21
5
15
20
20
18
14
12
11
9
10
8
2
0
0
2
8
6
6
41
49
49
49
53
56
53
58
68
68
65
66
68
64
61
65
65
66
65
65
65
65
65
64
60
58
58
61
60
60
60
60
60
58
58
58
58
56
56
56
56
56
54
54
53
53
53
53
51
51
51
51
51
49
49
49
49
49
47
47
47
47
45
45
45
45
45
43


