83
99
101
99
94
70
61
51
34
0
47
102
153
158
161
152
150
143
124
111
85
2
60
85
99
111
124
134
130
121
111
100
77
65
58
45
32
25
20
9
9
8
0
2
8
13
2
36
75
95
29
54
140
130
63
20
25
28
19
29
68
87
102
106
94
77
63
47
26
25
26
24
20
16
9
0
5
9
11
11
12
15
19
16
13
15
15
15
18
17
17
17
32
51
63
47
30
30
32
38
51
58
30
24
8
14
23
30
18
12
11
11
8
8
9
2
4
6
6
8
8
4
2
4
4
4
5
5
0
0
0
0
0
2
2
0
0
0
0
0
0
0
0
2
2
2
5
5
5
8
10
11
11
12
15
15
17
17
17
21


