82
106
115
148
161
170
124
156
194
236
235
262
344
252
289
151
99
53
71
184
308
289
298
241
210
170
137
111
99
78
60
36
14
13
8
0
15
82
143
134
161
238
452
610
771
743
645
441
308
228
104
53
146
220
273
311
329
348
357
335
302
266
219
178
153
136
115
94
60
24
49
159
293
324
263
236
229
218
201
194
228
429
755
800
800
800
800
417
165
74
208
326
377
243
99
87
82
79
77
75
74
71
70
69
68
64
64
65
63
61
60
60
58
56
54
53
53
51
49
49
49
47
43
41
43
45
45
41
41
39
39
39
36
34
34
34
36
34
32
30
29
11
16
24
24
26
26
25
20
20
19
19
19
18
17
16
16
15
15
11


