148
252
322
331
331
362
389
359
181
120
91
70
51
45
32
25
25
24
20
17
15
8
2
0
0
0
0
0
0
0
0
0
13
115
441
494
419
340
311
298
260
235
266
217
145
45
86
168
208
236
236
244
266
275
262
239
188
143
108
68
30
14
10
8
5
0
0
0
0
0
0
0
0
0
2
0
2
2
2
2
2
2
4
4
4
4
5
5
5
5
5
6
5
6
5
6
6
6
6
8
8
8
6
0
0
0
2
2
2
0
0
0
2
9
11
11
11
11
11
11
11
11
11
11
11
11
11
12
12
12
12
12
12
13
12
12
12
13
13
13
13
8
6
10
9
9
9
9
8
8
10
10
11
10
10
10
14
16
16
15


