49
49
49
51
51
53
53
51
56
43
24
18
15
11
11
12
12
15
20
24
24
26
28
30
32
34
34
36
41
41
39
39
21
9
6
6
5
5
5
5
4
2
0
0
2
4
5
58
87
95
98
87
91
86
92
61
56
58
43
43
41
36
32
34
39
43
49
69
91
128
26
4
2
4
6
8
8
24
43
68
73
71
70
53
49
49
47
47
47
45
45
45
43
71
75
75
74
74
73
73
73
71
70
70
70
68
68
66
66
65
65
65
65
64
63
61
61
60
60
58
58
58
56
56
56
56
56
54
53
53
53
51
51
49
49
49
49
47
47
47
45
45
45
45
45
45
43
43
43
43
43
41
41
41
41
41
41
39
39
39


