41
159
262
262
256
136
128
319
350
310
348
344
280
244
208
161
20
77
117
120
111
115
119
103
120
142
137
144
138
124
155
165
125
104
36
135
364
478
576
618
611
577
161
96
135
91
63
81
96
123
115
91
87
78
82
71
60
53
45
45
41
25
11
85
212
273
317
352
377
359
392
375
227
0
135
195
222
205
145
100
65
36
24
19
11
4
2
16
23
24
25
27
28
29
36
41
41
41
41
39
41
41
41
43
43
43
41
39
34
32
30
30
30
29
29
30
32
32
32
30
30
30
32
32
32
32
32
32
30
30
32
32
32
32
32
32
32
32
30
32
32
30
30
30
30
30
30
29
30
30
29
29
29
29
29
29
29
28
28
28


