70
65
65
85
96
87
82
70
54
43
32
17
5
58
115
159
178
192
191
212
205
170
150
121
56
29
91
153
196
195
203
212
239
275
273
260
247
244
233
203
147
51
77
197
305
326
307
366
401
417
397
382
380
380
212
21
158
235
266
287
317
284
248
206
161
125
117
91
60
43
34
30
20
16
5
17
36
39
39
39
39
38
38
38
36
36
36
36
36
36
36
34
34
34
34
34
34
34
34
21
17
13
12
15
16
15
16
17
16
17
23
24
25
25
25
25
25
26
29
30
32
32
32
32
30
32
32
32
32
32
30
30
30
30
30
30
30
30
29
29
29
29
29
29
29
29
29
29
28
28
28
28
28
27
28
27
27
27
27
27


