262
266
236
172
124
95
65
43
30
20
0
24
30
30
30
30
30
32
47
116
206
392
466
347
308
227
167
151
136
127
49
73
156
184
206
217
226
236
242
236
198
161
143
127
115
95
78
53
0
53
115
124
75
56
53
56
54
60
60
53
41
34
4
30
43
43
36
20
11
8
0
4
5
8
16
20
20
20
24
25
29
36
36
36
36
36
36
36
34
34
34
34
34
34
34
34
34
32
32
32
32
32
32
32
30
32
27
23
24
24
25
25
26
26
27
27
27
26
27
28
29
29
30
30
29
29
29
29
29
28
29
28
28
28
28
28
27
27
28
28
27
27
27
27
26
27
26
26
27
26
26
26
26
26
26
25
25
26
25
25


