251
225
191
143
101
58
27
45
45
45
45
45
45
43
43
43
43
43
41
6
56
78
75
49
36
17
6
29
49
49
49
47
49
58
191
426
530
586
564
392
239
116
29
47
108
131
153
115
116
148
125
103
64
36
26
18
2
2
6
6
9
10
12
23
39
32
32
32
34
34
32
32
29
28
28
28
28
20
18
12
0
2
5
4
5
6
9
11
15
17
17
17
18
18
19
19
20
21
20
21
21
21
21
23
23
23
23
23
23
21
23
23
24
23
23
23
23
23
23
23
23
23
23
23
23
23
23
23
23
23
21
23
23
23
23
21
23
21
23
23
21
21
21
21
21
21
21
21
23
21
21
21
21
21
21
21
20
20
21
21


