198
96
30
123
153
169
178
184
194
243
308
371
371
308
200
104
53
30
8
12
53
70
64
68
78
70
69
85
124
188
260
277
236
225
162
137
142
145
132
82
4
87
111
136
171
209
210
198
153
96
56
30
16
8
5
17
26
39
53
47
47
45
45
45
45
43
43
43
43
43
41
41
41
41
41
39
28
20
20
24
24
24
24
25
26
26
29
30
30
32
32
34
32
32
34
34
34
34
36
36
36
36
36
36
34
34
34
34
34
34
34
32
32
32
32
32
32
32
32
32
30
32
32
30
30
30
30
30
30
30
30
29
29
30
29
29
29
29
28
28
28
28
28
27
28
28
27
27
26
26
26
26
26
26
26
25
25
25
25
25


