127
100
23
43
49
49
49
47
47
47
47
47
32
12
45
49
45
30
2
23
54
142
248
305
296
317
406
459
462
437
268
2
189
291
269
198
128
78
34
20
13
5
0
0
2
5
6
9
10
12
13
13
14
15
16
18
21
26
26
26
24
24
23
24
24
23
23
23
23
20
26
14
2
5
5
8
10
11
13
16
16
17
18
17
18
18
19
19
19
20
20
20
20
20
20
21
21
21
21
23
23
23
23
23
23
23
24
23
23
24
24
24
23
23
24
23
23
23
23
23
24
24
24
23
23
24
23
24
23
23
21
21
23
23
23
23
23
23
23
23
23
23
21
21
23
21
21
21
23
23
21
21
21
21
21
21
21
21
21
20


