51
30
87
123
135
147
176
163
147
123
107
87
27
43
100
101
94
131
153
176
245
269
310
338
357
333
313
263
186
120
45
39
111
107
88
87
95
196
439
437
472
411
371
293
103
8
32
78
95
87
139
187
201
214
235
210
120
24
2
2
25
38
18
4
8
13
27
47
56
56
56
54
54
53
53
53
51
51
51
51
51
49
49
49
47
47
47
47
45
45
45
45
41
39
39
36
36
36
36
36
36
36
36
34
36
36
36
36
36
36
36
34
36
36
36
34
34
34
34
34
34
34
34
34
32
32
34
34
34
32
34
32
32
32
32
32
32
32
32
30
30
30
30
30
30
30
30
30
30
30
30
30
30
29
29
29
29
29
29
29


