252
250
289
235
49
193
265
298
269
121
82
222
282
300
295
289
340
245
209
143
79
23
47
99
123
158
191
217
206
187
209
226
164
120
18
51
53
53
53
51
51
51
49
49
49
30
176
287
245
212
239
212
176
189
208
177
115
17
91
186
228
205
186
195
168
159
151
124
95
24
30
41
53
69
70
51
20
2
0
0
4
9
13
32
39
41
43
43
45
47
53
56
54
54
54
53
53
56
56
51
49
51
53
54
56
56
56
54
54
53
53
53
53
53
51
51
51
51
51
49
49
49
49
47
47
47
47
45
45
45
43
45
45
43
43
43
43
41
41
41
41
41
41
39
39
39
39
39
39
39
38
38
38
38
36
36
36
36
34
36


