173
94
0
193
307
282
298
422
545
568
558
533
410
289
82
69
131
173
222
278
313
333
417
457
397
326
282
243
193
129
83
36
49
128
135
129
124
128
114
147
247
395
470
437
287
82
58
176
262
266
236
248
251
222
172
107
70
49
36
30
23
13
0
26
39
34
30
28
27
27
27
29
19
2
5
13
15
13
10
10
2
0
0
0
4
5
9
12
15
14
14
15
16
17
18
20
21
20
20
21
20
21
23
25
26
24
24
23
23
23
24
23
24
23
24
23
23
24
25
25
25
24
23
23
23
23
23
23
23
23
24
24
23
24
23
23
23
23
23
23
21
21
21
20
20
20
20
20
20
20
19
19
18
19
18
18
18
17
16
17


