215
228
246
275
226
211
170
252
338
544
415
212
258
492
517
479
457
443
399
375
347
333
303
296
286
260
263
256
280
256
278
275
256
228
236
111
34
99
70
66
66
65
65
65
68
24
116
184
192
165
82
38
161
315
420
472
506
445
347
305
291
236
34
124
248
317
329
277
206
148
101
66
39
24
15
2
6
9
15
25
32
34
38
43
43
43
45
47
47
47
49
51
49
49
49
49
49
49
49
49
49
49
47
47
47
47
47
49
49
49
47
47
47
47
47
47
45
45
45
45
43
45
43
43
43
43
43
43
43
41
41
41
41
41
41
39
39
39
39
39
38
38
38
38
38
38
36
36
36
36
36
36
36
36
36
36
34
34
34
34


