322
300
266
271
235
180
90
43
114
112
127
211
265
302
338
353
333
250
158
99
63
36
16
0
20
54
63
53
58
68
87
106
130
167
237
238
211
187
172
192
195
107
11
91
127
116
159
186
186
182
134
69
32
15
2
4
18
21
15
14
29
63
71
41
5
11
2
6
17
30
29
20
12
17
23
26
29
30
36
12
4
5
9
11
11
11
11
13
15
17
18
18
19
20
19
18
20
20
20
23
23
23
23
21
20
23
24
24
24
23
24
23
21
21
20
20
20
23
24
23
23
23
23
23
23
24
24
25
24
24
24
23
21
23
23
23
23
24
24
25
25
30
20
10
10
11
11
14
15
17
15
16
16
15
17
17
17
18
20
20


