146
123
116
116
123
143
178
203
223
198
172
144
69
20
74
79
78
77
77
75
74
73
74
73
58
26
19
9
2
14
24
14
9
65
117
120
337
411
419
429
399
395
368
289
161
11
83
99
65
73
61
27
0
25
27
18
15
25
32
30
29
0
107
155
86
81
10
26
23
26
29
30
30
30
30
30
27
20
0
14
29
41
39
32
21
6
0
8
8
27
28
30
32
32
32
32
30
32
32
30
30
30
30
30
30
30
30
29
29
28
29
28
26
28
29
28
28
29
28
28
28
28
28
28
28
28
28
27
27
26
26
25
25
26
26
24
25
25
25
25
25
24
24
25
24
25
25
24
24
24
23
23
24
21
21
20
23
21
21
21


