120
125
143
146
161
185
212
209
192
168
144
129
111
92
73
60
53
41
6
56
87
120
155
162
181
177
172
154
134
130
167
197
236
213
156
65
120
263
291
236
179
152
148
134
111
101
87
70
61
58
51
45
38
25
15
9
5
2
0
0
5
11
14
18
30
43
36
34
32
32
36
39
36
38
34
32
20
10
6
6
8
13
17
20
21
21
20
20
23
24
24
24
24
23
23
24
24
24
24
24
24
24
24
25
26
26
25
25
25
25
25
25
24
25
25
25
25
24
24
24
24
24
24
24
24
24
24
24
24
25
24
24
23
23
23
23
23
23
23
21
21
21
21
21
23
23
23
23
23
21
23
23
23
23
21
23
21
21
21
20


