65
49
49
47
47
47
47
49
15
107
143
155
115
10
129
265
317
331
389
404
364
322
253
228
226
195
5
169
310
366
326
310
300
260
225
195
161
137
103
60
34
20
11
0
11
32
60
65
60
64
78
103
152
213
237
258
260
209
130
5
81
117
120
104
87
68
51
36
27
15
2
15
20
19
20
24
24
21
23
23
23
25
26
26
25
26
26
28
30
30
30
30
36
51
51
51
49
49
45
36
30
30
30
32
32
30
30
30
30
32
32
32
32
30
32
32
32
32
32
32
32
32
32
30
32
30
30
30
30
30
30
30
29
28
27
27
26
27
27
26
25
25
25
25
24
23
23
23
21
21
23
23
21
21
23
21
21
20
20
21


