293
179
17
102
132
128
107
78
53
25
10
8
25
36
41
45
49
47
49
51
60
61
64
65
65
65
70
78
74
73
71
70
70
73
79
86
95
106
108
92
70
70
68
51
38
30
28
30
32
34
34
34
36
36
39
41
39
41
41
39
41
41
43
41
43
41
43
43
41
43
41
41
39
39
38
38
36
36
34
34
34
34
39
41
41
39
39
39
41
39
38
38
36
36
36
34
34
41
45
45
54
56
56
56
56
58
56
56
56
58
60
61
63
64
64
63
60
43
34
36
32
30
30
30
34
36
34
36
36
36
36
36
34
34
34
34
36
32
32
34
32
32
34
34
30
30
32
30
30
30
30
28
29
29
30
28
29
29
29
28


