132
134
144
173
210
230
265
284
384
364
429
380
32
204
282
291
266
239
220
179
140
104
79
53
39
24
13
2
10
70
160
128
117
135
158
184
193
184
187
200
191
153
103
58
179
211
202
176
148
117
94
73
56
39
27
20
15
11
9
4
0
2
4
5
5
8
9
11
12
15
19
16
17
17
21
25
27
30
34
43
39
30
28
12
2
0
0
0
0
0
0
0
2
4
5
6
10
10
11
12
14
13
13
5
9
10
12
13
12
11
11
13
13
13
13
11
13
13
11
12
11
10
10
11
9
10
10
10
10
8
8
8
8
9
10
9
9
9
9
9
9
8
8
6
6
6
6
6
5
5
6
5
5
4
4
2
0
0
0
0


