65
68
58
45
87
88
86
88
91
120
115
82
65
17
81
198
221
235
247
242
225
197
178
115
30
14
58
86
114
127
138
146
144
140
115
99
86
65
45
0
56
21
54
47
25
14
11
13
20
21
25
26
34
41
41
41
45
47
49
53
53
51
49
51
51
53
60
58
70
114
168
168
150
108
95
98
56
5
15
5
2
0
8
15
20
24
34
32
32
32
34
34
36
39
36
32
34
34
34
36
39
36
34
34
34
34
34
39
34
32
32
32
30
30
38
32
29
28
29
27
27
32
28
25
24
25
23
25
30
26
24
21
23
23
21
29
24
21
19
20
20
21
27
24
20
19
20
20
19
23
20
19
17
18
18
18
20
18
15
14


