134
132
120
103
94
81
74
82
82
128
64
34
28
32
30
30
25
25
27
12
19
20
64
102
6
153
236
212
218
228
265
310
315
273
289
278
242
167
82
53
161
203
188
160
139
107
103
87
66
45
30
5
0
2
6
14
18
23
30
27
26
28
30
32
36
36
32
30
32
34
34
39
34
34
36
56
94
134
161
147
153
186
203
215
229
179
153
117
39
41
78
74
78
81
69
51
43
25
21
20
18
11
4
0
11
11
11
12
15
14
20
17
16
14
14
14
17
19
17
15
17
18
18
25
20
19
18
20
20
20
25
21
19
19
20
20
25
24
23
20
20
20
20
28
23
20
20
21
20
21
27
23
20
20
21
23
26
25
24
24


