242
203
170
142
138
140
128
120
115
100
78
74
68
60
56
53
43
26
30
30
29
26
27
23
12
15
16
17
8
36
136
154
74
39
32
69
161
217
298
315
311
326
390
340
324
448
335
123
56
34
143
195
218
234
245
228
203
187
180
156
153
153
142
121
111
98
68
61
56
53
43
39
30
19
14
14
16
13
12
13
10
0
2
4
5
2
4
2
0
6
10
30
24
20
20
20
15
6
9
12
13
17
32
34
15
11
10
0
9
15
13
4
4
5
5
6
8
5
0
2
0
2
0
0
0
8
8
6
5
6
5
6
11
11
11
9
9
9
11
11
12
11
11
11
11
9
10
14
16
17
16
16
16
17
17
15
15
15
15
15


