5
0
119
115
95
78
61
16
2
4
5
5
16
20
19
17
16
17
18
20
34
39
18
25
24
74
45
49
111
51
18
10
10
10
10
10
11
10
11
10
43
45
29
9
5
6
5
5
11
16
16
16
16
16
16
16
18
106
81
184
195
217
203
161
173
65
34
5
5
5
5
2
61
123
115
94
82
70
30
16
19
26
30
36
39
14
0
0
8
18
17
17
17
16
16
16
16
17
16
20
20
34
28
16
43
53
36
16
14
12
13
12
12
12
13
13
13
13
13
13
13
13
14
15
15
15
15
15
14
15
15
15
15
14
14
15
14
14
14
14
14
15
14
15
15
15
15
15
15
15
15
15
15
15
15
15
15
15
15
15


