229
284
380
413
424
403
348
364
411
347
198
103
60
173
210
188
159
137
124
156
177
173
153
130
96
91
87
79
65
56
39
39
43
45
32
20
11
0
2
2
0
2
2
10
5
2
2
0
0
0
11
5
4
4
5
2
2
10
5
5
9
20
61
78
34
28
30
38
53
78
99
88
132
246
355
319
212
56
18
6
49
91
103
87
87
87
85
71
60
47
32
29
26
20
15
11
0
0
0
0
0
0
2
9
5
4
5
6
8
11
11
10
8
9
9
10
15
11
10
9
10
9
8
15
11
9
10
11
11
11
13
11
10
12
25
34
36
15
13
12
12
12
15
13
12
13
20
21
20
17
13
14
14
10
5
0
6
8
6
4


