75
61
51
47
36
32
24
13
0
6
36
111
121
142
177
184
169
194
241
300
333
340
368
344
342
277
132
56
119
245
307
296
289
262
237
220
185
181
177
161
142
132
124
103
101
99
100
104
79
66
45
39
38
43
47
36
34
36
28
30
36
30
6
39
70
47
27
32
56
110
159
284
347
326
331
335
359
265
151
85
9
49
107
153
143
121
83
91
120
121
104
90
74
49
45
41
36
30
27
23
8
8
8
8
5
4
2
0
4
4
0
4
4
4
5
11
9
9
8
10
8
8
10
12
11
10
10
11
11
11
17
12
11
10
10
9
9
12
13
13
11
14
15
19
32
29
20
20
21
26
30
36
30
26
25
26
25
26
26
24


