163
147
128
95
79
65
54
43
36
17
34
60
47
61
124
211
291
305
277
315
338
322
344
437
395
238
145
74
58
156
205
236
245
239
218
196
175
132
119
110
98
83
77
69
47
47
45
39
30
26
20
5
6
6
8
4
2
2
6
10
23
20
16
16
21
21
17
43
108
220
235
215
144
38
19
10
6
4
0
2
2
0
2
0
0
2
5
15
27
25
26
24
6
2
5
5
5
4
2
2
2
0
0
0
2
0
5
8
6
6
6
6
8
11
11
11
11
11
11
11
14
14
12
13
13
13
13
15
15
14
14
14
15
16
19
19
19
18
18
18
20
20
21
21
21
20
20
20
20
20
20
20
20
20
20
20
20
20
20
20


