193
244
286
300
324
337
359
384
384
359
328
291
244
201
176
135
120
103
87
70
58
45
17
10
13
82
83
90
124
168
184
271
313
338
340
406
533
547
291
177
78
238
300
295
282
254
211
170
137
103
65
43
36
39
41
41
30
13
6
6
5
5
5
2
5
2
2
4
14
19
17
28
23
23
20
24
23
23
30
26
25
23
26
27
45
70
43
39
39
45
53
53
53
41
39
34
34
32
26
18
14
11
12
12
12
16
17
18
17
17
17
15
19
19
19
19
19
18
18
20
20
20
20
20
20
20
20
20
20
20
20
20
20
20
20
20
20
20
20
20
21
20
20
20
20
20
20
21
20
20
20
20
20
20
21
21
20
20
21
24


