243
217
206
195
170
145
129
92
82
69
53
36
24
13
2
2
0
5
10
13
17
29
41
107
175
138
124
111
95
103
146
188
275
262
284
258
161
51
34
9
87
121
143
165
176
178
165
152
110
86
74
68
58
47
36
14
11
9
8
4
0
2
16
14
14
15
25
60
64
36
27
26
27
32
51
96
85
117
138
136
71
39
24
14
10
0
2
8
12
6
5
8
10
11
11
12
8
2
2
4
2
2
0
0
6
9
9
9
10
10
10
14
17
18
26
32
32
27
27
25
24
23
20
24
25
24
20
21
20
18
17
14
13
15
15
14
12
13
12
12
16
17
17
17
17
16
16
20
19
19
18
17
18
18
20
20
23
26
30
29


