422
446
479
483
466
464
476
483
479
466
441
387
352
338
313
287
260
241
217
194
191
161
155
116
32
82
220
263
239
266
319
401
428
322
189
2
124
164
156
115
96
69
41
19
0
29
36
45
51
60
65
75
87
104
151
145
134
130
124
110
115
128
148
184
268
282
237
163
137
120
75
28
18
10
0
5
10
11
17
34
36
36
39
43
45
51
61
61
58
58
63
61
64
73
70
66
64
65
63
63
61
66
64
60
60
61
61
60
64
60
58
54
56
53
53
51
56
51
47
47
47
45
45
53
49
43
45
45
45
43
51
51
43
39
43
43
41
45
47
47
41
39
36
34
36
38
36
32
32
30
24
20
12
6
24
24
36
26
26
0


