98
188
284
311
307
342
368
361
328
313
324
265
160
5
58
61
60
60
60
60
60
74
60
53
12
107
144
137
58
39
39
19
70
196
18
177
328
464
512
485
348
310
352
371
401
403
380
263
14
123
201
244
268
295
305
331
357
317
268
194
140
107
71
41
0
36
73
86
86
83
82
83
82
86
95
142
144
107
95
71
41
29
23
11
0
0
0
11
18
20
24
21
20
26
39
43
45
47
56
68
68
66
65
65
64
63
61
61
60
58
56
60
60
58
58
56
56
56
54
53
49
47
47
43
41
41
41
41
41
45
45
45
43
43
45
47
49
49
49
47
47
45
45
45
45
43
43
43
43
43
43
41
41
41
41
41
39
39
39
36


