175
176
167
186
181
170
151
140
170
262
357
322
14
214
342
371
310
248
236
213
186
160
176
191
209
260
315
307
296
315
302
307
350
357
338
333
162
120
344
471
497
510
455
395
337
266
209
81
78
169
187
266
348
404
408
352
229
102
66
43
13
0
6
17
28
32
38
47
70
91
82
78
78
82
78
75
71
68
65
63
61
61
60
53
41
30
26
25
29
32
32
32
32
36
36
38
38
43
43
45
47
54
54
54
53
53
51
51
51
51
49
49
49
49
49
47
47
47
47
45
45
45
45
45
45
45
43
43
43
41
41
41
41
41
41
41
41
39
41
39
39
39
39
39
38
38
38
38
38
36
36
36
36
36
36
34
36
34
34
34


