287
142
20
53
95
132
167
211
228
228
195
170
131
99
58
0
90
284
375
394
462
481
453
422
428
428
322
36
150
287
395
437
399
268
128
101
87
82
70
51
24
5
0
2
20
36
38
36
36
36
36
36
36
36
34
34
34
34
32
32
32
32
32
32
32
30
32
15
10
8
6
5
8
8
9
12
17
18
17
18
19
18
18
20
24
24
23
24
24
24
24
24
26
26
26
26
29
30
29
29
29
29
29
29
29
28
28
27
27
28
28
28
27
27
27
26
26
26
26
26
26
26
25
25
25
26
25
24
24
25
25
25
25
24
24
24
24
24
23
23
23
23
23
23
23
23
23
23
23
23
23
21
21
21
21
20
21
20
20
21


