95
92
91
90
88
91
45
187
192
20
298
426
437
419
401
355
320
305
258
203
78
41
100
154
177
252
317
373
386
348
302
217
116
39
6
9
20
30
43
49
61
82
88
87
86
85
83
82
82
88
92
123
167
189
188
200
53
36
69
65
43
17
0
13
25
32
39
49
53
53
54
56
58
58
60
60
60
60
60
61
63
61
61
61
60
60
58
58
58
58
56
56
56
54
54
54
53
53
51
51
51
51
51
51
49
49
47
47
47
47
47
45
45
45
45
45
43
43
43
43
43
43
43
41
41
41
39
41
39
39
39
39
38
36
36
36
36
36
36
34
34
32
32
32
32
32
30
30
32
32
32
32
32
30
30
30
30
30
32
32


