110
11
114
184
228
247
221
225
324
526
629
590
492
347
181
61
0
25
41
88
112
107
114
139
226
335
403
591
622
441
389
345
204
29
19
70
130
184
165
213
263
326
352
317
161
63
51
19
9
2
4
26
65
83
83
82
82
81
79
78
78
78
77
75
74
74
73
71
70
70
70
69
26
17
26
24
19
5
2
10
24
34
41
45
45
49
49
51
51
53
60
63
63
63
61
61
61
60
60
58
58
56
56
56
56
54
53
53
53
53
51
51
49
49
49
49
49
47
47
47
47
47
47
45
45
45
43
43
43
43
41
41
41
41
41
41
41
39
39
39
39
38
38
36
36
36
36
36
36
34
34
34
32
32
32
30
30
30
30
30


