15
56
98
121
131
161
170
206
250
237
208
208
223
195
79
39
41
78
78
20
39
70
70
70
69
68
78
226
531
439
280
129
61
32
5
61
127
144
144
129
102
69
53
34
20
11
6
4
9
54
128
221
293
247
87
51
49
49
47
47
47
45
45
45
45
45
43
18
0
5
4
11
14
17
20
23
25
30
32
32
32
32
34
34
34
38
39
39
39
38
36
36
34
36
36
36
36
38
39
39
38
38
38
36
36
36
36
36
36
36
34
34
34
34
34
34
32
4
0
27
30
30
32
32
32
32
32
30
30
30
30
30
30
30
30
30
30
30
30
30
29
30
29
29
29
29
29
29
28
28
28
28
28
27
27
26
26
26
26
26


