331
345
350
392
424
377
310
173
20
41
41
41
41
41
41
20
268
345
331
158
74
265
355
335
293
303
320
319
302
256
182
20
172
250
300
364
401
434
459
406
293
161
28
2
13
27
36
45
51
58
58
60
61
63
66
75
74
73
71
70
70
70
71
86
186
328
322
392
287
110
34
0
26
47
43
36
18
2
4
10
14
17
24
30
30
32
32
34
34
36
36
36
36
36
38
39
39
39
39
39
39
39
39
41
41
41
41
41
41
39
39
39
39
38
38
36
36
36
36
36
36
36
36
34
34
34
34
34
34
32
34
32
34
32
32
32
32
32
30
30
32
30
30
30
30
30
30
30
30
29
29
29
29
29
28
28
28
28
28
27


