143
124
102
27
51
108
143
145
167
170
193
193
159
120
16
124
165
169
203
228
251
308
361
371
348
300
244
160
90
49
20
4
5
39
82
111
194
319
377
364
375
355
364
364
384
296
41
58
130
161
158
179
202
213
231
251
241
172
106
61
36
26
20
11
0
5
10
11
15
13
13
17
25
30
29
27
27
26
27
27
26
26
25
24
24
24
23
20
5
5
8
11
11
11
11
12
13
14
17
17
17
17
18
18
18
19
20
20
20
19
20
19
19
20
20
20
20
20
20
20
20
20
20
20
20
20
20
20
20
20
19
20
19
19
19
19
18
18
18
19
18
18
17
17
17
17
17
17
17
17
17
17
16
16
16
16
16
16
16
16


