186
128
13
73
139
170
213
236
266
308
340
403
443
413
319
220
125
43
5
11
34
71
78
75
74
82
130
303
468
459
338
305
289
189
30
27
82
144
178
204
263
305
287
226
159
75
26
5
11
18
20
29
36
41
43
47
51
65
69
63
65
74
98
107
116
115
108
111
106
36
5
10
2
4
17
29
38
41
39
39
39
41
41
41
39
39
39
41
43
45
45
45
45
45
45
45
45
45
43
43
41
41
39
36
34
32
34
34
32
34
36
39
39
39
39
39
39
39
39
38
36
32
32
30
30
28
28
28
30
30
30
30
30
30
30
30
32
32
32
32
34
36
38
39
39
39
39
38
36
36
36
36
38
39
39
39
39
39
39
39


