17
43
111
225
260
243
258
258
248
233
248
235
16
235
386
399
340
250
189
154
115
83
65
51
47
60
61
51
17
4
0
20
32
32
32
29
30
20
15
29
63
39
15
12
20
20
28
36
43
71
79
49
32
29
17
39
5
12
6
11
8
2
14
4
2
2
2
5
16
0
13
17
16
32
53
53
32
45
18
0
18
20
64
10
13
30
10
32
19
10
51
53
53
51
47
45
43
43
36
43
54
61
64
65
65
64
65
65
66
65
65
70
66
65
64
64
63
65
69
70
70
69
69
68
65
64
61
71
73
71
70
69
68
65
64
63
63
61
63
61
61
60
60
58
58
56
56
54
53
53
51
51
51
51
51
49
49
47
47
47


