58
128
168
241
313
335
338
344
319
262
186
125
70
15
18
36
53
65
87
121
110
106
108
111
124
192
395
755
666
441
220
99
39
11
2
14
24
32
43
51
51
45
41
32
13
0
11
23
36
53
78
117
179
225
244
241
229
223
146
34
39
83
100
94
83
61
41
36
28
10
2
12
19
21
23
27
32
34
36
36
36
36
36
36
38
38
39
39
38
36
36
38
38
38
38
38
38
36
36
38
38
38
39
39
38
38
38
38
36
36
36
36
34
34
34
34
34
34
34
34
32
34
34
34
34
34
34
32
32
32
32
32
32
32
32
30
30
30
30
30
30
30
30
30
29
29
30
29
29
29
29
29
29
29
28
28
28
27
27
27


