117
144
163
178
196
203
185
161
143
144
135
107
61
27
92
158
195
186
201
201
193
186
191
168
38
64
171
228
263
300
315
317
268
211
159
101
49
14
5
19
23
29
38
47
51
56
56
58
56
54
58
60
60
60
61
65
78
77
78
81
82
83
85
74
70
66
56
39
29
26
32
36
34
36
39
41
43
45
45
43
45
45
45
45
45
45
45
43
43
45
43
43
43
43
41
41
41
41
41
41
41
39
41
39
39
39
39
39
36
36
38
38
36
34
34
36
36
36
36
36
36
36
36
36
34
34
34
34
34
32
34
32
32
32
32
30
30
30
30
29
30
29
29
28
28
27
27
27
26
26
26
25
25
25
25
25
25
24
24
24


