704
758
709
495
366
277
208
0
127
173
195
184
217
248
286
326
399
457
464
439
382
307
213
130
77
68
38
16
38
38
60
134
213
236
342
389
406
331
368
486
468
277
36
32
61
69
111
221
263
245
239
225
196
115
128
137
128
120
98
78
70
61
34
14
5
10
24
24
23
23
23
23
23
21
21
21
21
21
21
21
21
21
21
21
21
20
0
2
2
0
0
2
5
8
12
15
15
14
15
16
16
17
19
20
20
19
19
19
18
20
20
19
19
19
18
18
19
20
20
20
19
20
20
20
20
20
21
20
21
21
20
20
21
21
21
21
21
21
20
21
21
21
21
21
21
21
21
21
21
23
21
21
21
21
21
21
21
21
21
21


