134
155
173
177
178
177
184
139
92
75
2
111
161
228
340
397
413
430
453
488
485
437
380
331
300
266
209
68
91
238
371
523
666
583
395
291
235
201
152
78
38
128
212
263
266
335
406
419
375
307
225
137
77
30
4
8
13
23
34
39
45
56
58
58
56
56
54
54
53
53
53
53
58
60
61
71
82
53
28
18
20
23
29
32
34
32
30
34
38
39
39
39
39
39
39
39
38
39
39
39
39
39
36
36
39
39
39
38
39
39
39
38
36
38
36
36
36
36
36
36
36
36
34
34
34
34
34
34
32
32
32
32
32
32
32
32
30
30
30
30
30
30
30
30
30
30
29
30
29
29
29
29
29
28
28
28
28
28
27
27


