410
361
291
181
90
36
17
0
43
83
87
130
191
293
403
406
340
298
300
178
36
10
45
90
103
111
136
168
154
128
95
54
18
4
15
20
26
29
39
63
58
53
53
56
58
61
68
77
75
66
74
56
13
11
13
5
0
8
13
18
23
28
32
32
34
36
34
36
39
39
39
38
39
39
41
43
41
41
41
39
39
38
36
36
34
34
34
34
34
34
34
34
32
32
34
34
34
34
34
32
32
32
32
32
32
32
32
32
32
32
32
32
30
32
30
32
30
30
30
30
30
30
30
30
30
29
29
29
29
28
29
29
28
28
28
28
28
27
27

