235
317
337
275
313
342
326
277
6
352
479
510
499
545
515
404
298
192
146
111
95
78
61
51
45
41
39
34
26
0
58
54
65
88
121
139
175
175
161
146
169
235
167
102
32
247
328
322
280
217
165
127
85
56
41
34
27
26
27
21
17
13
11
11
8
10
11
9
5
5
2
2
0
0
8
11
16
20
41
56
45
36
25
17
4
32
39
29
21
20
14
9
5
2
0
0
0
0
0
0
2
2
5
4
4
4
5
5
8
11
11
11
12
13
14
14
14
12
11
11
8
5
5
5
5
8
8
8
8
9
9
10
10
11
11
10
9
11
11
12
12
13
14
16
16
18
20
20
20
16
16
15
15
15
15
15
14
14
14
14


