333
271
169
88
54
34
25
0
124
322
368
291
203
209
209
197
195
152
2
114
53
32
61
103
187
345
357
357
384
366
359
352
317
218
102
38
4
32
38
36
36
36
36
36
34
51
26
5
16
43
160
305
364
415
397
380
378
326
256
186
49
73
184
282
347
404
432
399
338
287
217
139
78
38
19
5
10
19
25
28
34
43
45
45
43
43
43
43
43
43
41
41
41
41
41
41
39
39
39
39
32
23
21
21
20
20
20
23
25
27
28
29
30
30
32
32
32
32
34
34
36
36
36
34
34
34
34
34
34
32
34
32
32
32
32
32
32
30
32
30
30
30
30
30
30
30
30
30
29
30
29
29
29
29
29
29
28
28
28
28


