184
223
231
202
180
178
161
145
81
25
99
137
158
210
273
366
404
441
443
377
256
154
92
54
32
13
0
13
28
51
77
64
64
65
75
106
161
273
348
353
258
87
16
29
53
78
96
101
103
99
65
21
2
10
15
20
20
24
27
30
32
34
32
34
36
47
60
49
47
47
47
47
47
51
53
60
74
23
10
11
2
10
20
24
26
27
28
28
29
30
32
32
32
32
32
30
30
30
30
32
32
32
32
32
32
30
32
30
30
30
32
30
30
30
30
30
30
30
30
30
30
30
30
30
30
29
29
29
28
29
29
28
28
29
29
28
28
28
28
28
28
28
27
27
27
27
27
27
27
27
27
27
27
26
27
27
27
26
26
26


