92
24
82
211
248
254
252
266
256
220
150
77
47
143
203
260
317
373
453
544
492
382
258
143
70
34
5
12
25
45
79
73
68
69
90
150
228
248
295
258
161
11
56
86
82
74
70
68
43
11
10
20
24
25
26
32
36
43
58
51
49
47
45
47
47
45
43
43
43
45
39
32
26
23
21
20
19
21
25
26
28
30
30
30
32
34
34
34
34
32
32
34
34
34
34
34
34
32
32
32
32
32
32
32
32
32
32
32
32
32
32
32
32
32
32
30
32
32
32
32
32
30
30
30
30
30
30
30
30
30
30
30
30
30
30
30
30
30
30
30
30
30
32
30
30
30
30
30
30
30
30
32
32
30
30
30
30
30
30
30


