61
96
124
150
158
204
237
277
311
333
337
307
262
212
136
61
20
0
9
14
25
39
45
54
85
176
215
206
215
225
234
245
256
254
236
178
78
81
158
186
178
162
144
92
43
12
2
11
13
15
23
29
32
34
36
38
38
36
38
39
41
41
41
41
41
39
39
41
41
41
41
41
41
39
39
41
41
43
49
53
47
49
49
51
47
34
25
27
28
29
32
32
32
34
34
34
32
32
34
34
34
34
34
32
32
32
32
32
32
34
32
32
32
32
32
32
32
32
32
30
30
30
32
30
32
30
30
30
30
30
30
30
30
29
28
28
29
28
29
29
29
28
28
28
28
28
29
28
28
27
28
27
27
28
28
27
27
28
28
27


