75
81
138
163
178
192
222
268
317
361
406
466
466
401
273
153
115
87
70
54
38
5
70
87
100
130
120
110
106
196
310
293
296
266
210
60
226
338
366
353
295
222
159
91
53
36
25
17
14
12
5
0
0
5
5
8
6
6
11
16
36
61
60
54
58
65
74
82
66
65
53
32
10
60
74
65
43
26
13
11
6
0
2
6
8
11
11
10
11
12
14
15
15
16
14
14
15
16
17
17
18
18
17
17
17
18
18
18
20
19
18
18
19
19
19
19
19
19
19
19
19
19
20
20
20
20
20
20
20
20
20
20
20
20
20
20
20
20
20
20
20
20
20
20
20
20
20
20
20
20
20
20
20
20
20
20
20
20
20
20


