311
366
432
464
441
389
265
143
78
49
29
17
6
5
6
36
39
36
32
49
146
403
399
315
357
280
218
222
164
13
106
172
193
202
219
268
284
324
364
366
287
187
104
61
25
2
5
12
20
34
39
38
38
38
36
36
36
36
36
41
81
163
151
131
24
30
41
51
45
20
5
0
6
12
19
20
24
24
25
25
25
28
32
30
30
32
30
30
30
30
30
30
29
29
29
29
28
29
28
28
28
28
27
25
23
20
20
20
20
20
20
19
20
20
20
20
21
23
21
21
23
23
24
25
26
26
25
26
26
25
25
25
25
25
25
24
25
25
25
25
25
25
25
25
25
25
25
24
24
25
24
24
24
24
24
24
23
24
24
24


