136
234
260
263
263
265
263
234
163
43
111
138
167
208
266
338
410
371
223
129
86
60
41
20
9
2
0
0
2
8
14
20
28
51
151
181
184
180
198
213
246
340
432
446
345
96
107
180
217
228
218
186
125
71
47
29
15
12
6
0
5
10
11
12
11
11
14
17
17
19
18
19
18
18
18
20
20
23
27
30
30
30
30
30
30
28
19
12
9
10
12
15
17
18
18
17
18
20
20
21
21
23
20
20
20
21
23
23
23
23
21
20
21
21
21
23
23
23
21
23
21
21
21
23
23
23
23
21
23
23
23
23
23
21
21
21
21
23
23
23
21
21
21
21
21
21
21
21
23
21
21
21
21
20
20
21
21
20
20
20


