233
39
120
170
210
222
238
268
296
287
213
127
91
69
53
38
26
10
60
135
115
117
124
111
106
137
158
162
127
91
70
237
289
291
256
173
107
73
58
43
39
32
21
15
11
8
5
2
4
2
0
0
2
5
9
15
20
25
30
36
43
56
60
51
47
39
29
17
51
47
43
39
25
14
6
2
0
0
2
5
5
6
9
10
9
9
10
10
11
11
12
11
11
11
12
11
11
13
12
12
12
12
12
12
13
13
13
13
14
14
13
14
14
14
14
14
14
15
15
16
14
15
16
15
16
15
16
16
15
16
16
16
16
17
16
16
16
16
17
17
16
17
17
17
17
17
17
17
17
18
17
17
17
17
17
17
17
16
17
16


